tests/testdata/PMF_Absorption/Hyytiala_absorption_20171201_3mo_PMF_lev3.nas
25, 1001
Kulmala, Markku; Petaja, Tuukka; Virkkula, Aki; Luoma, Krista
FI03L, University of Helsinki, UHEL, Division of Atmospheric Sciences, PO BOX 64,, FI-00014, Helsinki, Finland
EIMPS Winter campaign (20171201 - 20180301), Aethalometer data (hourly), PMF applied
EMEP CAMPAIGN COLOSSAL
1 1
2017 12 01 2018 03 01
0.041667
days from file reference point
5
1 1 1 1 1
999.999999 999.9999 999.9999 999.9999 999.9999
end_time of measurement, days from the file reference point
Babs_bb, 1/Mm 
Babs_ff, 1/Mm 
eBC_bb, ug/m3 
eBC_ff, ug/m3 
Startdate: 20171201000000
Station name: Hyytiala
Station latitude:  61.850 
Station longitude:  24.283 
Station altitude: 181.0m 
MAC_880nm: 20.0431
Comment: Conversion factor (MAC_880nm) for Babs to eBC [ug/m3] using colocated EC where available. Should not necessarily be interpreted as "true MAC". Where no colocated EC data was available we have used instrument MAC vales (7.77 for AE33 16.6 for AE31)
starttime  endtime    Babs_bb   Babs_ff    eBC_bb    eBC_ff
[from data line 267]
11.125000 11.166667  999.9999  999.9999  999.9999  999.9999
11.166667 11.208333  999.9999  999.9999  999.9999  999.9999
11.208333 11.250000  999.9999  999.9999  999.9999  999.9999
11.250000 11.291667  999.9999  999.9999  999.9999  999.9999
11.291667 11.333333  999.9999  999.9999  999.9999  999.9999
11.333333 11.375000  999.9999  999.9999  999.9999  999.9999
11.375000 11.416667  999.9999  999.9999  999.9999  999.9999
11.416667 11.458333  999.9999  999.9999  999.9999  999.9999
11.458333 11.500000  999.9999  999.9999  999.9999  999.9999
11.500000 11.541667  999.9999  999.9999  999.9999  999.9999
11.541667 11.583333  999.9999  999.9999  999.9999  999.9999
11.583333 11.625000  999.9999  999.9999  999.9999  999.9999
11.625000 11.666667  999.9999  999.9999  999.9999  999.9999
11.666667 11.708333  999.9999  999.9999  999.9999  999.9999
11.708333 11.750000  999.9999  999.9999  999.9999  999.9999
11.750000 11.791667  999.9999  999.9999  999.9999  999.9999
11.791667 11.833333  999.9999  999.9999  999.9999  999.9999
11.833333 11.875000  999.9999  999.9999  999.9999  999.9999
11.875000 11.916667  999.9999  999.9999  999.9999  999.9999
11.916667 11.958333  999.9999  999.9999  999.9999  999.9999
11.958333 12.000000  999.9999  999.9999  999.9999  999.9999
12.000000 12.041667    2.1947    0.2959    0.1095    0.0148
12.041667 12.083333    1.9040    0.2434    0.0950    0.0121
12.083333 12.125000    1.6329    0.1942    0.0815    0.0097
12.125000 12.166667    1.0446    0.1211    0.0521    0.0060
12.166667 12.208333    0.8134    0.1115    0.0406    0.0056
12.208333 12.250000    0.7393    0.0838    0.0369    0.0042
12.250000 12.291667    1.0159    0.3502    0.0507    0.0175
12.291667 12.333333    1.6778  999.9999    0.0837  999.9999
12.333333 12.375000    1.3080    0.0557    0.0653    0.0028
12.375000 12.416667    1.1493    0.1486    0.0573    0.0074
12.416667 12.458333    0.8601    0.3349    0.0429    0.0167
12.458333 12.500000    1.1234    0.1333    0.0560    0.0067
12.500000 12.541667    0.9826    0.1198    0.0490    0.0060
12.541667 12.583333    0.8333    0.1872    0.0416    0.0093
12.583333 12.625000  999.9999  999.9999  999.9999  999.9999
12.625000 12.666667    1.2600    0.1080    0.0629    0.0054
12.666667 12.708333    1.3900    0.2285    0.0694    0.0114
12.708333 12.750000    1.5338    0.3807    0.0765    0.0190
12.750000 12.791667    1.4339    0.4261    0.0715    0.0213
12.791667 12.833333    1.2762    0.4272    0.0637    0.0213
12.833333 12.875000    0.9663    0.2372    0.0482    0.0118
12.875000 12.916667    1.1203    0.2805    0.0559    0.0140
12.916667 12.958333    1.1959    0.3136    0.0597    0.0156
12.958333 13.000000    1.0614    0.2796    0.0530    0.0139
13.000000 13.041667    0.8979    0.2773    0.0448    0.0138
13.041667 13.083333    0.8398    0.2842    0.0419    0.0142
13.083333 13.125000    0.8855    0.3469    0.0442    0.0173
13.125000 13.166667    0.9454    0.4259    0.0472    0.0213
13.166667 13.208333    1.4448    0.7313    0.0721    0.0365
13.208333 13.250000    2.4030    1.5185    0.1199    0.0758
13.250000 13.291667    2.7236    2.1196    0.1359    0.1058
13.291667 13.333333    2.3698    2.5673    0.1182    0.1281
13.333333 13.375000    1.9713    2.3745    0.0984    0.1185
13.375000 13.416667    1.2206    2.2042    0.0609    0.1100
13.416667 13.458333    1.3005    1.7303    0.0649    0.0863
13.458333 13.500000  999.9999  999.9999  999.9999  999.9999
13.500000 13.541667    2.1046    0.2119    0.1050    0.0106
13.541667 13.583333    2.1650    0.2686    0.1080    0.0134
13.583333 13.625000    2.3561    0.2843    0.1176    0.0142
13.625000 13.666667    2.1896    0.3944    0.1092    0.0197
13.666667 13.708333    2.1576    0.3658    0.1076    0.0183
13.708333 13.750000    2.2910    0.4770    0.1143    0.0238
13.750000 13.791667    2.4663    0.6416    0.1231    0.0320
13.791667 13.833333    2.3130    1.5481    0.1154    0.0772
13.833333 13.875000    2.2206    1.4379    0.1108    0.0717
13.875000 13.916667    1.7344    1.1833    0.0865    0.0590
13.916667 13.958333    1.5372    0.6868    0.0767    0.0343
13.958333 14.000000    1.6086    0.4440    0.0803    0.0222
14.000000 14.041667    1.5408    0.4032    0.0769    0.0201
14.041667 14.083333    1.6443    0.3983    0.0820    0.0199
14.083333 14.125000    1.5829    0.5056    0.0790    0.0252
14.125000 14.166667    1.3221    0.5584    0.0660    0.0279
14.166667 14.208333    1.3598    0.5912    0.0678    0.0295
14.208333 14.250000    1.6508    0.7712    0.0824    0.0385
14.250000 14.291667    2.0114    0.9370    0.1004    0.0467
14.291667 14.333333    2.1182    1.0901    0.1057    0.0544
14.333333 14.375000    2.1292    1.1965    0.1062    0.0597
14.375000 14.416667    2.0173    1.2586    0.1006    0.0628
14.416667 14.458333    2.0483    1.3026    0.1022    0.0650
14.458333 14.500000    2.0095    1.3978    0.1003    0.0697
14.500000 14.541667    1.8906    1.5449    0.0943    0.0771
14.541667 14.583333    1.6942    1.6519    0.0845    0.0824
14.583333 14.625000    1.5177    1.7468    0.0757    0.0872
14.625000 14.666667    1.4464    1.9454    0.0722    0.0971
14.666667 14.708333    1.1952    2.2870    0.0596    0.1141
14.708333 14.750000    1.0722    2.5732    0.0535    0.1284
14.750000 14.791667    1.1985    3.6550    0.0598    0.1824
14.791667 14.833333    0.7132    3.9069    0.0356    0.1949
14.833333 14.875000    3.4193    1.0695    0.1706    0.0534
14.875000 14.916667    3.0623    1.0051    0.1528    0.0501
14.916667 14.958333    3.0192    0.9345    0.1506    0.0466
14.958333 15.000000    2.8257    0.9963    0.1410    0.0497
15.000000 15.041667    2.3321    1.0834    0.1164    0.0541
15.041667 15.083333    1.6698    0.9798    0.0833    0.0489
15.083333 15.125000    1.1487    0.8390    0.0573    0.0419
15.125000 15.166667    0.8265    0.6780    0.0412    0.0338
15.166667 15.208333    0.6219    0.5535    0.0310    0.0276
15.208333 15.250000    0.5341    0.4824    0.0266    0.0241
15.250000 15.291667    0.5861    0.5296    0.0292    0.0264
15.291667 15.333333    0.9736    0.8291    0.0486    0.0414
15.333333 15.375000    1.4052    1.1863    0.0701    0.0592
15.375000 15.416667    0.9610    1.0514    0.0479    0.0525
15.416667 15.458333    0.8124    0.8858    0.0405    0.0442
15.458333 15.500000    1.0208    0.9858    0.0509    0.0492
15.500000 15.541667    1.3254    1.4791    0.0661    0.0738
15.541667 15.583333    1.5653    1.6763    0.0781    0.0836
15.583333 15.625000    1.2393    1.7966    0.0618    0.0896
15.625000 15.666667    1.0357    2.2142    0.0517    0.1105
15.666667 15.708333    0.9487    1.4520    0.0473    0.0724
15.708333 15.750000    0.7569    1.1264    0.0378    0.0562
15.750000 15.791667    0.7688    1.1908    0.0384    0.0594
15.791667 15.833333    0.7095    1.3997    0.0354    0.0698
15.833333 15.875000    0.5576    1.6012    0.0278    0.0799
15.875000 15.916667    0.7412    1.5400    0.0370    0.0768
15.916667 15.958333    1.1322    2.8578    0.0565    0.1426
15.958333 16.000000    1.0135    3.8752    0.0506    0.1933
16.000000 16.041667    2.9277    0.8547    0.1461    0.0426
16.041667 16.083333    2.5262    0.7538    0.1260    0.0376
16.083333 16.125000    2.9664    0.7959    0.1480    0.0397
16.125000 16.166667    2.9802    0.8007    0.1487    0.0399
16.166667 16.208333    2.2630    0.6658    0.1129    0.0332
16.208333 16.250000    2.5120    0.7488    0.1253    0.0374
16.250000 16.291667    1.7554    0.5204    0.0876    0.0260
16.291667 16.333333    1.3835    0.4985    0.0690    0.0249
16.333333 16.375000    1.3878    0.5106    0.0692    0.0255
16.375000 16.416667    1.2829    0.4336    0.0640    0.0216
16.416667 16.458333    1.3373    0.4957    0.0667    0.0247
16.458333 16.500000    0.9271    0.3753    0.0463    0.0187
16.500000 16.541667    1.0149    0.3310    0.0506    0.0165
16.541667 16.583333    1.0844    0.6451    0.0541    0.0322
16.583333 16.625000    1.2566    0.6964    0.0627    0.0347
16.625000 16.666667    1.7453    1.1670    0.0871    0.0582
16.666667 16.708333    1.9952    1.2701    0.0995    0.0634
16.708333 16.750000    1.8453    2.2975    0.0921    0.1146
16.750000 16.791667    1.7687    1.9720    0.0882    0.0984
16.791667 16.833333    1.5904    1.6028    0.0793    0.0800
16.833333 16.875000    1.4050    1.4786    0.0701    0.0738
16.875000 16.916667    0.9806    1.1524    0.0489    0.0575
16.916667 16.958333    0.5994    0.5863    0.0299    0.0293
16.958333 17.000000    0.2850    0.4725    0.0142    0.0236
17.000000 17.041667    0.1737    0.2486    0.0087    0.0124
17.041667 17.083333    0.2742    0.2581    0.0137    0.0129
17.083333 17.125000    0.3053    0.3138    0.0152    0.0157
17.125000 17.166667    0.1835    0.4623    0.0092    0.0231
17.166667 17.208333    0.2973    0.5758    0.0148    0.0287
17.208333 17.250000    0.3839    0.7302    0.0192    0.0364
17.250000 17.291667    0.5396    0.9293    0.0269    0.0464
17.291667 17.333333    0.5274    1.1263    0.0263    0.0562
17.333333 17.375000  999.9999  999.9999  999.9999  999.9999
17.375000 17.416667    1.4356  999.9999    0.0716  999.9999
17.416667 17.458333    1.3343  999.9999    0.0666  999.9999
17.458333 17.500000    1.1503  999.9999    0.0574  999.9999
17.500000 17.541667    1.2164  999.9999    0.0607  999.9999
17.541667 17.583333    1.1788    0.2034    0.0588    0.0101
17.583333 17.625000    1.0059    0.1759    0.0502    0.0088
17.625000 17.666667    0.8453    0.2135    0.0422    0.0107
17.666667 17.708333    0.5907    0.2641    0.0295    0.0132
17.708333 17.750000    0.4110    0.2705    0.0205    0.0135
17.750000 17.791667    1.1543    0.1637    0.0576    0.0082
17.791667 17.833333    0.5660    0.2122    0.0282    0.0106
17.833333 17.875000    0.6201    0.2260    0.0309    0.0113
17.875000 17.916667    0.5618    0.2145    0.0280    0.0107
17.916667 17.958333    0.3164    0.1139    0.0158    0.0057
17.958333 18.000000    0.2748    0.0884    0.0137    0.0044
18.000000 18.041667    0.3216    0.1085    0.0160    0.0054
18.041667 18.083333    0.3580    0.1012    0.0179    0.0050
18.083333 18.125000    0.3368    0.1056    0.0168    0.0053
18.125000 18.166667    0.3498    0.0846    0.0175    0.0042
18.166667 18.208333    0.3213    0.0884    0.0160    0.0044
18.208333 18.250000    0.3605    0.0539    0.0180    0.0027
18.250000 18.291667    0.5780    0.1687    0.0288    0.0084
18.291667 18.333333    1.1571  999.9999    0.0577  999.9999
18.333333 18.375000    0.7909    0.1050    0.0395    0.0052
18.375000 18.416667    0.9098    0.1020    0.0454    0.0051
18.416667 18.458333    0.5530    0.0418    0.0276    0.0021
18.458333 18.500000    0.2394    0.0427    0.0119    0.0021
18.500000 18.541667    0.4398    0.0530    0.0219    0.0026
18.541667 18.583333    0.5902    0.0761    0.0294    0.0038
18.583333 18.625000    0.6601    0.0735    0.0329    0.0037
18.625000 18.666667    1.1315    0.0814    0.0565    0.0041
18.666667 18.708333    2.5926    0.3421    0.1294    0.0171
18.708333 18.750000    2.9648    0.5171    0.1479    0.0258
18.750000 18.791667    3.3271    0.6862    0.1660    0.0342
18.791667 18.833333    2.3519    0.6292    0.1173    0.0314
18.833333 18.875000    1.2521    0.4142    0.0625    0.0207
18.875000 18.916667    0.9364    0.2793    0.0467    0.0139
18.916667 18.958333    0.7681    0.1778    0.0383    0.0089
18.958333 19.000000    0.6410    0.1746    0.0320    0.0087
19.000000 19.041667    0.6800    0.1608    0.0339    0.0080
19.041667 19.083333    0.9675    0.2292    0.0483    0.0114
19.083333 19.125000    0.7635    0.2261    0.0381    0.0113
19.125000 19.166667    0.4303    0.1722    0.0215    0.0086
19.166667 19.208333    0.3569    0.1262    0.0178    0.0063
19.208333 19.250000    0.4056    0.0911    0.0202    0.0045
19.250000 19.291667    0.5945    0.1613    0.0297    0.0080
19.291667 19.333333    0.8461    0.4064    0.0422    0.0203
19.333333 19.375000    1.1012    0.2857    0.0549    0.0143
19.375000 19.416667    1.0437    0.2069    0.0521    0.0103
19.416667 19.458333    0.9060    0.3301    0.0452    0.0165
19.458333 19.500000    0.8890    0.3492    0.0444    0.0174
19.500000 19.541667    0.9705    0.2814    0.0484    0.0140
19.541667 19.583333    0.9597    0.3301    0.0479    0.0165
19.583333 19.625000    1.0334    0.4431    0.0516    0.0221
19.625000 19.666667    0.9842    0.5787    0.0491    0.0289
19.666667 19.708333  999.9999  999.9999  999.9999  999.9999
19.708333 19.750000    0.7298    0.0022    0.0364    0.0001
19.750000 19.791667    0.4909  999.9999    0.0245  999.9999
19.791667 19.833333    0.4371  999.9999    0.0218  999.9999
19.833333 19.875000    0.3461  999.9999    0.0173  999.9999
19.875000 19.916667    0.2985  999.9999    0.0149  999.9999
19.916667 19.958333    0.2466  999.9999    0.0123  999.9999
19.958333 20.000000    0.1883    0.0027    0.0094    0.0001
20.000000 20.041667    0.2246  999.9999    0.0112  999.9999
20.041667 20.083333    0.2459  999.9999    0.0123  999.9999
20.083333 20.125000    0.2725  999.9999    0.0136  999.9999
20.125000 20.166667    0.2784  999.9999    0.0139  999.9999
20.166667 20.208333    0.3323  999.9999    0.0166  999.9999
20.208333 20.250000    0.1735    0.0000    0.0087    0.0000
20.250000 20.291667  999.9999  999.9999  999.9999  999.9999
20.291667 20.333333  999.9999  999.9999  999.9999  999.9999
20.333333 20.375000    0.2870  999.9999    0.0143  999.9999
20.375000 20.416667    0.2918  999.9999    0.0146  999.9999
20.416667 20.458333    0.3168  999.9999    0.0158  999.9999
20.458333 20.500000  999.9999  999.9999  999.9999  999.9999
20.500000 20.541667  999.9999  999.9999  999.9999  999.9999
20.541667 20.583333    0.4080  999.9999    0.0204  999.9999
20.583333 20.625000    0.4854  999.9999    0.0242  999.9999
20.625000 20.666667    0.6279    0.0002    0.0313    0.0000
20.666667 20.708333    0.6105    0.1050    0.0305    0.0052
20.708333 20.750000    0.6634    0.0132    0.0331    0.0007
20.750000 20.791667    0.9512    0.0000    0.0475    0.0000
20.791667 20.833333    0.9278    0.0000    0.0463    0.0000
20.833333 20.875000    1.0360    0.0121    0.0517    0.0006
20.875000 20.916667    0.9709  999.9999    0.0484  999.9999
20.916667 20.958333    0.8680  999.9999    0.0433  999.9999
20.958333 21.000000    0.7357  999.9999    0.0367  999.9999
21.000000 21.041667    0.6693  999.9999    0.0334  999.9999
21.041667 21.083333  999.9999  999.9999  999.9999  999.9999
21.083333 21.125000    0.4829  999.9999    0.0241  999.9999
21.125000 21.166667  999.9999  999.9999  999.9999  999.9999
21.166667 21.208333  999.9999  999.9999  999.9999  999.9999
21.208333 21.250000    0.4552  999.9999    0.0227  999.9999
21.250000 21.291667    1.0192  999.9999    0.0509  999.9999
21.291667 21.333333  999.9999  999.9999  999.9999  999.9999
21.333333 21.375000    0.5487    0.1150    0.0274    0.0057
21.375000 21.416667    0.5128    0.1071    0.0256    0.0053
21.416667 21.458333    0.3517    0.1142    0.0175    0.0057
21.458333 21.500000    0.4114    0.1250    0.0205    0.0062
21.500000 21.541667    0.2975    0.0815    0.0148    0.0041
21.541667 21.583333    0.2277    0.0590    0.0114    0.0029
21.583333 21.625000    0.2941    0.0810    0.0147    0.0040
21.625000 21.666667    0.4177    0.0922    0.0208    0.0046
21.666667 21.708333    0.4466    0.1364    0.0223    0.0068
21.708333 21.750000    0.3928    0.1247    0.0196    0.0062
21.750000 21.791667    0.4935    0.1796    0.0246    0.0090
21.791667 21.833333    0.5975    0.2356    0.0298    0.0118
21.833333 21.875000    0.6618    0.2944    0.0330    0.0147
21.875000 21.916667    0.5617    0.4580    0.0280    0.0228
21.916667 21.958333    0.6983    0.4461    0.0348    0.0223
21.958333 22.000000    0.7766    0.3679    0.0387    0.0184
22.000000 22.041667    0.8005    0.3413    0.0399    0.0170
22.041667 22.083333    0.6581    0.3617    0.0328    0.0180
22.083333 22.125000    0.7783    0.2691    0.0388    0.0134
22.125000 22.166667    0.8839    0.2524    0.0441    0.0126
22.166667 22.208333    0.9532    0.3077    0.0476    0.0154
