tests/testdata/PMF_Absorption/Hyytiala_absorption_20171201_3mo_PMF_lev3.nas
25, 1001
Kulmala, Markku; Petaja, Tuukka; Virkkula, Aki; Luoma, Krista
FI03L, University of Helsinki, UHEL, Division of Atmospheric Sciences, PO BOX 64,, FI-00014, Helsinki, Finland
EIMPS Winter campaign (20171201 - 20180301), Aethalometer data (hourly), PMF applied
EMEP CAMPAIGN COLOSSAL
1 1
2017 12 01 2018 03 01
0.041667
days from file reference point
5
1 1 1 1 1
999.999999 999.9999 999.9999 999.9999 999.9999
end_time of measurement, days from the file reference point
Babs_bb, 1/Mm 
Babs_ff, 1/Mm 
eBC_bb, ug/m3 
eBC_ff, ug/m3 
Startdate: 20171201000000
Station name: Hyytiala
Station latitude:  61.850 
Station longitude:  24.283 
Station altitude: 181.0m 
MAC_880nm: 20.0431
Comment: Conversion factor (MAC_880nm) for Babs to eBC [ug/m3] using colocated EC where available. Should not necessarily be interpreted as "true MAC". Where no colocated EC data was available we have used instrument MAC vales (7.77 for AE33 16.6 for AE31)
starttime  endtime    Babs_bb   Babs_ff    eBC_bb    eBC_ff
[from data line 1067]
44.458333 44.500000    1.0311    1.8773    0.0514    0.0937
44.500000 44.541667    1.1668    2.3758    0.0582    0.1185
44.541667 44.583333    0.8332    2.6292    0.0416    0.1312
44.583333 44.625000    0.6388    3.1152    0.0319    0.1554
44.625000 44.666667    0.3815    3.8038    0.0190    0.1898
44.666667 44.708333    0.0000    3.9599    0.0000    0.1976
44.708333 44.750000  999.9999    4.4757  999.9999    0.2233
44.750000 44.791667    2.6627    1.5157    0.1328    0.0756
44.791667 44.833333    2.6992    1.5484    0.1347    0.0773
44.833333 44.875000    2.7524    1.6191    0.1373    0.0808
44.875000 44.916667    2.6009    1.5293    0.1298    0.0763
44.916667 44.958333    2.1269    1.2758    0.1061    0.0637
44.958333 45.000000    1.7624    0.8907    0.0879    0.0444
45.000000 45.041667    1.7986    0.9083    0.0897    0.0453
45.041667 45.083333    1.6036    0.8030    0.0800    0.0401
45.083333 45.125000    1.4927    0.6216    0.0745    0.0310
45.125000 45.166667    1.6431    0.8500    0.0820    0.0424
45.166667 45.208333    1.4458    0.9608    0.0721    0.0479
45.208333 45.250000    1.1755    0.9821    0.0586    0.0490
45.250000 45.291667    1.1977    1.1083    0.0598    0.0553
45.291667 45.333333    0.9474    1.3517    0.0473    0.0674
45.333333 45.375000    1.2098    1.4782    0.0604    0.0738
45.375000 45.416667    1.0387    1.7418    0.0518    0.0869
45.416667 45.458333    1.0270    2.0028    0.0512    0.0999
45.458333 45.500000    0.9133    2.4749    0.0456    0.1235
45.500000 45.541667    0.6570    2.5012    0.0328    0.1248
45.541667 45.583333    0.3264    2.9829    0.0163    0.1488
45.583333 45.625000    0.0009    3.3329    0.0000    0.1663
45.625000 45.666667  999.9999    3.7202  999.9999    0.1856
45.666667 45.708333  999.9999  999.9999  999.9999  999.9999
45.708333 45.750000    2.6458    1.0768    0.1320    0.0537
45.750000 45.791667    2.2353    0.9684    0.1115    0.0483
45.791667 45.833333    2.2649    1.0083    0.1130    0.0503
45.833333 45.875000    1.9473    0.9328    0.0972    0.0465
45.875000 45.916667    1.8757    0.9547    0.0936    0.0476
45.916667 45.958333    1.7722    1.0512    0.0884    0.0524
45.958333 46.000000    1.6784    1.0988    0.0837    0.0548
46.000000 46.041667    1.6931    1.1863    0.0845    0.0592
46.041667 46.083333    1.5669    1.3960    0.0782    0.0696
46.083333 46.125000    1.4002    1.5589    0.0699    0.0778
46.125000 46.166667    1.3738    1.7920    0.0685    0.0894
46.166667 46.208333    1.3365    2.0689    0.0667    0.1032
46.208333 46.250000    1.3024    2.4358    0.0650    0.1215
46.250000 46.291667    1.0670    2.8241    0.0532    0.1409
46.291667 46.333333    1.2815    3.0012    0.0639    0.1497
46.333333 46.375000    0.6986    3.6599    0.0349    0.1826
46.375000 46.416667    0.0229    4.7269    0.0011    0.2358
46.416667 46.458333  999.9999    5.0610  999.9999    0.2525
46.458333 46.500000  999.9999  999.9999  999.9999  999.9999
46.500000 46.541667    2.5722    1.7284    0.1283    0.0862
46.541667 46.583333    2.7774    1.4710    0.1386    0.0734
46.583333 46.625000    3.2974    1.6202    0.1645    0.0808
46.625000 46.666667    2.8416    1.8667    0.1418    0.0931
46.666667 46.708333    2.1317    1.7593    0.1064    0.0878
46.708333 46.750000    1.6611    1.6678    0.0829    0.0832
46.750000 46.791667    1.2675    1.5296    0.0632    0.0763
46.791667 46.833333    1.0540    1.3305    0.0526    0.0664
46.833333 46.875000    0.9099    1.2727    0.0454    0.0635
46.875000 46.916667    0.7580    1.2060    0.0378    0.0602
46.916667 46.958333    0.7598    1.0905    0.0379    0.0544
46.958333 47.000000    0.8685    1.1247    0.0433    0.0561
47.000000 47.041667    0.9282    1.3177    0.0463    0.0657
47.041667 47.083333    0.8802    1.1893    0.0439    0.0593
47.083333 47.125000    0.8309    1.0376    0.0415    0.0518
47.125000 47.166667    0.8492    1.2405    0.0424    0.0619
47.166667 47.208333    0.8398    1.4708    0.0419    0.0734
47.208333 47.250000    1.4962    1.3677    0.0746    0.0682
47.250000 47.291667    0.2723    2.0361    0.0136    0.1016
47.291667 47.333333    1.0930    2.0347    0.0545    0.1015
47.333333 47.375000  999.9999  999.9999  999.9999  999.9999
47.375000 47.416667    2.6857    0.2005    0.1340    0.0100
47.416667 47.458333  999.9999  999.9999  999.9999  999.9999
47.458333 47.500000    3.8198    1.0598    0.1906    0.0529
47.500000 47.541667    3.9348    1.3263    0.1963    0.0662
47.541667 47.583333    3.7677    1.4102    0.1880    0.0704
47.583333 47.625000    4.2019    1.4545    0.2096    0.0726
47.625000 47.666667    4.6827    1.7064    0.2336    0.0851
47.666667 47.708333    4.0758    2.1692    0.2034    0.1082
47.708333 47.750000    3.6630    2.4656    0.1828    0.1230
47.750000 47.791667    3.4262    3.0027    0.1709    0.1498
47.791667 47.833333    2.7835    3.5489    0.1389    0.1771
47.833333 47.875000    2.0894    4.0277    0.1042    0.2009
47.875000 47.916667    1.4118    4.4654    0.0704    0.2228
47.916667 47.958333    0.5628    4.8817    0.0281    0.2436
47.958333 48.000000  999.9999  999.9999  999.9999  999.9999
48.000000 48.041667    4.1258    1.0919    0.2058    0.0545
48.041667 48.083333    3.8696    1.1527    0.1931    0.0575
48.083333 48.125000    3.6996    1.2495    0.1846    0.0623
48.125000 48.166667    3.5602    1.3820    0.1776    0.0689
48.166667 48.208333    3.3976    1.4953    0.1695    0.0746
48.208333 48.250000    3.1834    1.6440    0.1588    0.0820
48.250000 48.291667    3.1386    1.9759    0.1566    0.0986
48.291667 48.333333    2.7572    2.4035    0.1376    0.1199
48.333333 48.375000    3.1930    2.3034    0.1593    0.1149
48.375000 48.416667    2.6054    2.5140    0.1300    0.1254
48.416667 48.458333    2.2300    2.6780    0.1113    0.1336
48.458333 48.500000    1.7407    2.8921    0.0868    0.1443
48.500000 48.541667    1.3192    2.9510    0.0658    0.1472
48.541667 48.583333    0.9215    2.9849    0.0460    0.1489
48.583333 48.625000    0.6086    3.1629    0.0304    0.1578
48.625000 48.666667  999.9999  999.9999  999.9999  999.9999
48.666667 48.708333    3.1974    0.6729    0.1595    0.0336
48.708333 48.750000    3.0966    0.7998    0.1545    0.0399
48.750000 48.791667    2.9353    0.8576    0.1465    0.0428
48.791667 48.833333    2.6780    0.9536    0.1336    0.0476
48.833333 48.875000    2.5752    1.0199    0.1285    0.0509
48.875000 48.916667    2.4582    1.1478    0.1226    0.0573
48.916667 48.958333    2.5604    1.3046    0.1277    0.0651
48.958333 49.000000    2.4493    1.4617    0.1222    0.0729
49.000000 49.041667    2.3663    1.5908    0.1181    0.0794
49.041667 49.083333    2.0987    1.7332    0.1047    0.0865
49.083333 49.125000    1.8630    1.8637    0.0929    0.0930
49.125000 49.166667    1.7885    1.8600    0.0892    0.0928
49.166667 49.208333    1.7357    2.3121    0.0866    0.1154
49.208333 49.250000    1.9687    3.1196    0.0982    0.1556
49.250000 49.291667    1.7779    3.4353    0.0887    0.1714
49.291667 49.333333    1.3363    3.9454    0.0667    0.1968
49.333333 49.375000    0.9239    4.5372    0.0461    0.2264
49.375000 49.416667  999.9999  999.9999  999.9999  999.9999
49.416667 49.458333    4.5235    1.0519    0.2257    0.0525
49.458333 49.500000    4.3284    1.1436    0.2160    0.0571
49.500000 49.541667    3.6525    1.1400    0.1822    0.0569
49.541667 49.583333    4.3125    1.3078    0.2152    0.0653
49.583333 49.625000    3.6042    1.4499    0.1798    0.0723
49.625000 49.666667    3.0063    1.5490    0.1500    0.0773
49.666667 49.708333    2.7162    1.7642    0.1355    0.0880
49.708333 49.750000    2.5277    1.8161    0.1261    0.0906
49.750000 49.791667    2.6029    1.9111    0.1299    0.0954
49.791667 49.833333    2.2820    2.0646    0.1139    0.1030
49.833333 49.875000    2.1819    2.8214    0.1089    0.1408
49.875000 49.916667    1.2828    4.9582    0.0640    0.2474
49.916667 49.958333    0.3094    4.8441    0.0154    0.2417
49.958333 50.000000    0.7949    4.2147    0.0397    0.2103
50.000000 50.041667  999.9999  999.9999  999.9999  999.9999
50.041667 50.083333    6.9502    1.3966    0.3468    0.0697
50.083333 50.125000    6.4931    1.5764    0.3240    0.0787
50.125000 50.166667    5.5292    1.7848    0.2759    0.0890
50.166667 50.208333    4.8613    2.4613    0.2425    0.1228
50.208333 50.250000    4.7194    2.9203    0.2355    0.1457
50.250000 50.291667    5.2425    3.8560    0.2616    0.1924
50.291667 50.333333    4.5733    4.8190    0.2282    0.2404
50.333333 50.375000    3.3957    5.6499    0.1694    0.2819
50.375000 50.416667  999.9999  999.9999  999.9999  999.9999
50.416667 50.458333    7.9792    1.6981    0.3981    0.0847
50.458333 50.500000    8.3135    1.9441    0.4148    0.0970
50.500000 50.541667    7.6157    2.3983    0.3800    0.1197
50.541667 50.583333    5.7669    2.4767    0.2877    0.1236
50.583333 50.625000    4.5280    2.6449    0.2259    0.1320
50.625000 50.666667    3.1146    2.2467    0.1554    0.1121
50.666667 50.708333    2.8292    2.3724    0.1412    0.1184
50.708333 50.750000    2.4698    2.6452    0.1232    0.1320
50.750000 50.791667    2.3101    3.1762    0.1153    0.1585
50.791667 50.833333    1.5552    3.4699    0.0776    0.1731
50.833333 50.875000    1.1471    3.3476    0.0572    0.1670
50.875000 50.916667    0.8274    3.3463    0.0413    0.1670
50.916667 50.958333    3.2461    0.9248    0.1620    0.0461
50.958333 51.000000    3.0177    0.8106    0.1506    0.0404
51.000000 51.041667    3.2056    0.8249    0.1599    0.0412
51.041667 51.083333    3.3261    0.8762    0.1659    0.0437
51.083333 51.125000    3.2679    0.9148    0.1630    0.0456
51.125000 51.166667    3.0997    0.9190    0.1546    0.0458
51.166667 51.208333    4.0376    1.1797    0.2014    0.0589
51.208333 51.250000    4.3203    1.6109    0.2155    0.0804
51.250000 51.291667    3.8882    1.7412    0.1940    0.0869
51.291667 51.333333    3.3642    1.8808    0.1678    0.0938
51.333333 51.375000    3.0633    1.7728    0.1528    0.0885
51.375000 51.416667    2.8097    1.7471    0.1402    0.0872
51.416667 51.458333    2.3534    1.9883    0.1174    0.0992
51.458333 51.500000    2.0599    2.1849    0.1028    0.1090
51.500000 51.541667    1.7155    2.8399    0.0856    0.1417
51.541667 51.583333    0.1020    3.8258    0.0051    0.1909
51.583333 51.625000    0.3767    3.3711    0.0188    0.1682
51.625000 51.666667  999.9999  999.9999  999.9999  999.9999
51.666667 51.708333    2.7728    0.8372    0.1383    0.0418
51.708333 51.750000    2.8539    0.9411    0.1424    0.0470
51.750000 51.791667    3.4463    1.4735    0.1719    0.0735
51.791667 51.833333    3.0702    1.3122    0.1532    0.0655
51.833333 51.875000    3.0781    1.8853    0.1536    0.0941
51.875000 51.916667    2.4985    1.2760    0.1247    0.0637
51.916667 51.958333    2.5206    1.0620    0.1258    0.0530
51.958333 52.000000    3.0441    2.2915    0.1519    0.1143
52.000000 52.041667    3.2219    2.5170    0.1607    0.1256
52.041667 52.083333    3.3699    1.9295    0.1681    0.0963
52.083333 52.125000    3.2634    1.6209    0.1628    0.0809
52.125000 52.166667    2.5398    1.9897    0.1267    0.0993
52.166667 52.208333    2.5788    3.5555    0.1287    0.1774
52.208333 52.250000    1.8045    4.4963    0.0900    0.2243
52.250000 52.291667    0.7751    4.7881    0.0387    0.2389
52.291667 52.333333  999.9999  999.9999  999.9999  999.9999
52.333333 52.375000    3.6667    1.2019    0.1829    0.0600
52.375000 52.416667    3.5630    1.3798    0.1778    0.0688
52.416667 52.458333    3.5919    1.5214    0.1792    0.0759
52.458333 52.500000    3.5884    1.5749    0.1790    0.0786
52.500000 52.541667    3.5055    1.7373    0.1749    0.0867
52.541667 52.583333    3.4220    2.0531    0.1707    0.1024
52.583333 52.625000    3.1223    2.2285    0.1558    0.1112
52.625000 52.666667    3.0274    2.5347    0.1510    0.1265
52.666667 52.708333    2.7440    3.0600    0.1369    0.1527
52.708333 52.750000    2.4898    3.7214    0.1242    0.1857
52.750000 52.791667    1.8534    4.1282    0.0925    0.2060
52.791667 52.833333    1.3419    5.6131    0.0669    0.2801
52.833333 52.875000  999.9999  999.9999  999.9999  999.9999
52.875000 52.916667    3.0245    1.3379    0.1509    0.0668
52.916667 52.958333    3.1923    1.2806    0.1593    0.0639
52.958333 53.000000  999.9999  999.9999  999.9999  999.9999
53.000000 53.041667  999.9999  999.9999  999.9999  999.9999
53.041667 53.083333  999.9999  999.9999  999.9999  999.9999
53.083333 53.125000  999.9999  999.9999  999.9999  999.9999
53.125000 53.166667  999.9999  999.9999  999.9999  999.9999
53.166667 53.208333  999.9999  999.9999  999.9999  999.9999
53.208333 53.250000  999.9999  999.9999  999.9999  999.9999
53.250000 53.291667  999.9999  999.9999  999.9999  999.9999
53.291667 53.333333  999.9999  999.9999  999.9999  999.9999
53.333333 53.375000  999.9999  999.9999  999.9999  999.9999
53.375000 53.416667  999.9999  999.9999  999.9999  999.9999
53.416667 53.458333  999.9999  999.9999  999.9999  999.9999
53.458333 53.500000  999.9999  999.9999  999.9999  999.9999
53.500000 53.541667  999.9999  999.9999  999.9999  999.9999
53.541667 53.583333    5.6337    0.7138    0.2811    0.0356
53.583333 53.625000    5.1854    0.6720    0.2587    0.0335
53.625000 53.666667    4.5481    0.7698    0.2269    0.0384
53.666667 53.708333    3.6491    0.9962    0.1821    0.0497
53.708333 53.750000    3.5317    1.0401    0.1762    0.0519
53.750000 53.791667    2.9738    1.0963    0.1484    0.0547
53.791667 53.833333    2.5657    1.0473    0.1280    0.0523
53.833333 53.875000    2.2647    1.0299    0.1130    0.0514
53.875000 53.916667    2.4968    1.0686    0.1246    0.0533
53.916667 53.958333    2.3512    1.0888    0.1173    0.0543
53.958333 54.000000    2.0713    1.2161    0.1033    0.0607
54.000000 54.041667    2.3443    1.4591    0.1170    0.0728
54.041667 54.083333  999.9999  999.9999  999.9999  999.9999
54.083333 54.125000    3.4691    1.3179    0.1731    0.0658
54.125000 54.166667    2.9323    1.3920    0.1463    0.0694
54.166667 54.208333    2.5925    1.0607    0.1293    0.0529
54.208333 54.250000    2.6890    1.1414    0.1342    0.0569
54.250000 54.291667    2.0991    1.5848    0.1047    0.0791
54.291667 54.333333    2.2587    1.1055    0.1127    0.0552
54.333333 54.375000  999.9999  999.9999  999.9999  999.9999
54.375000 54.416667    3.5315    1.2894    0.1762    0.0643
54.416667 54.458333  999.9999  999.9999  999.9999  999.9999
54.458333 54.500000  999.9999  999.9999  999.9999  999.9999
54.500000 54.541667    4.5859    1.6719    0.2288    0.0834
54.541667 54.583333    4.4938    2.1517    0.2242    0.1074
54.583333 54.625000    4.5597    2.6195    0.2275    0.1307
54.625000 54.666667    3.4618    2.5366    0.1727    0.1266
54.666667 54.708333    2.8599    2.5036    0.1427    0.1249
54.708333 54.750000    1.9071    2.0611    0.0952    0.1028
54.750000 54.791667    1.2903    1.4157    0.0644    0.0706
54.791667 54.833333    0.8264    0.8261    0.0412    0.0412
54.833333 54.875000    0.6988    0.5454    0.0349    0.0272
54.875000 54.916667    0.4589    0.2719    0.0229    0.0136
54.916667 54.958333    0.4168    0.1840    0.0208    0.0092
54.958333 55.000000    0.2671    0.1309    0.0133    0.0065
55.000000 55.041667    0.1956    0.0809    0.0098    0.0040
55.041667 55.083333    0.1950    0.0924    0.0097    0.0046
55.083333 55.125000    0.1967    0.1055    0.0098    0.0053
55.125000 55.166667    0.1220    0.1258    0.0061    0.0063
55.166667 55.208333    0.2082    0.1713    0.0104    0.0085
55.208333 55.250000    0.5073    0.3151    0.0253    0.0157
55.250000 55.291667    0.5516    0.4143    0.0275    0.0207
55.291667 55.333333    0.7836    0.5808    0.0391    0.0290
55.333333 55.375000    0.6140    0.5178    0.0306    0.0258
55.375000 55.416667    0.4817    0.4579    0.0240    0.0228
55.416667 55.458333    0.3257    0.4166    0.0163    0.0208
55.458333 55.500000    0.5137    0.2813    0.0256    0.0140
55.500000 55.541667    0.3725    0.4417    0.0186    0.0220
