tests/testdata/PMF_Absorption/Hyytiala_absorption_20171201_3mo_PMF_lev3.nas
25, 1001
Kulmala, Markku; Petaja, Tuukka; Virkkula, Aki; Luoma, Krista
FI03L, University of Helsinki, UHEL, Division of Atmospheric Sciences, PO BOX 64,, FI-00014, Helsinki, Finland
EIMPS Winter campaign (20171201 - 20180301), Aethalometer data (hourly), PMF applied
EMEP CAMPAIGN COLOSSAL
1 1
2017 12 01 2018 03 01
0.041667
days from file reference point
5
1 1 1 1 1
999.999999 999.9999 999.9999 999.9999 999.9999
end_time of measurement, days from the file reference point
Babs_bb, 1/Mm 
Babs_ff, 1/Mm 
eBC_bb, ug/m3 
eBC_ff, ug/m3 
Startdate: 20171201000000
Station name: Hyytiala
Station latitude:  61.850 
Station longitude:  24.283 
Station altitude: 181.0m 
MAC_880nm: 20.0431
Comment: Conversion factor (MAC_880nm) for Babs to eBC [ug/m3] using colocated EC where available. Should not necessarily be interpreted as "true MAC". Where no colocated EC data was available we have used instrument MAC vales (7.77 for AE33 16.6 for AE31)
starttime  endtime    Babs_bb   Babs_ff    eBC_bb    eBC_ff
[from data line 801]
33.375000 33.416667    0.5565    0.3644    0.0278    0.0182
33.416667 33.458333    0.5493    0.4330    0.0274    0.0216
33.458333 33.500000    0.5329    0.4171    0.0266    0.0208
33.500000 33.541667    0.8750    0.7532    0.0437    0.0376
33.541667 33.583333    0.6139    0.6993    0.0306    0.0349
33.583333 33.625000    0.6461    1.3428    0.0322    0.0670
33.625000 33.666667    0.7523    2.1812    0.0375    0.1088
33.666667 33.708333    0.6364    2.6820    0.0317    0.1338
33.708333 33.750000    0.7237    4.3023    0.0361    0.2147
33.750000 33.791667  999.9999  999.9999  999.9999  999.9999
33.791667 33.833333    3.7074    1.4636    0.1850    0.0730
33.833333 33.875000    3.0966    1.3790    0.1545    0.0688
33.875000 33.916667    2.2021    0.9564    0.1099    0.0477
33.916667 33.958333    1.9811    0.6645    0.0988    0.0332
33.958333 34.000000    1.4893    0.4976    0.0743    0.0248
34.000000 34.041667    1.0036    0.3765    0.0501    0.0188
34.041667 34.083333    0.7636    0.2704    0.0381    0.0135
34.083333 34.125000    0.7305    0.2208    0.0364    0.0110
34.125000 34.166667    1.0690    0.2928    0.0533    0.0146
34.166667 34.208333    1.1413    0.4055    0.0569    0.0202
34.208333 34.250000    1.1033    0.4185    0.0550    0.0209
34.250000 34.291667    1.1121    0.4591    0.0555    0.0229
34.291667 34.333333    1.0995    0.4473    0.0549    0.0223
34.333333 34.375000    1.1206    0.4237    0.0559    0.0211
34.375000 34.416667    1.3313    0.5155    0.0664    0.0257
34.416667 34.458333    1.4881    0.5825    0.0742    0.0291
34.458333 34.500000  999.9999  999.9999  999.9999  999.9999
34.500000 34.541667    1.5938    0.5990    0.0795    0.0299
34.541667 34.583333    1.2477    0.6214    0.0623    0.0310
34.583333 34.625000    1.4034    0.6099    0.0700    0.0304
34.625000 34.666667    1.3732    0.7032    0.0685    0.0351
34.666667 34.708333    1.3493    0.7074    0.0673    0.0353
34.708333 34.750000    1.1546    0.6617    0.0576    0.0330
34.750000 34.791667    0.8990    0.5629    0.0449    0.0281
34.791667 34.833333    0.8714    0.4883    0.0435    0.0244
34.833333 34.875000    0.8062    0.4120    0.0402    0.0206
34.875000 34.916667    0.7367    0.4053    0.0368    0.0202
34.916667 34.958333    0.7247    0.4193    0.0362    0.0209
34.958333 35.000000    0.7916    0.5071    0.0395    0.0253
35.000000 35.041667    0.7499    0.5332    0.0374    0.0266
35.041667 35.083333    0.6228    0.4902    0.0311    0.0245
35.083333 35.125000    0.4853    0.4097    0.0242    0.0204
35.125000 35.166667    0.3043    0.3480    0.0152    0.0174
35.166667 35.208333    0.2572    0.2023    0.0128    0.0101
35.208333 35.250000    0.2040    0.2103    0.0102    0.0105
35.250000 35.291667    0.2953    0.3144    0.0147    0.0157
35.291667 35.333333    0.5298    0.5213    0.0264    0.0260
35.333333 35.375000    0.5040    0.6542    0.0251    0.0326
35.375000 35.416667    0.5247    0.7997    0.0262    0.0399
35.416667 35.458333    0.5376    0.9288    0.0268    0.0463
35.458333 35.500000    0.4753    0.7783    0.0237    0.0388
35.500000 35.541667    0.3792    1.0015    0.0189    0.0500
35.541667 35.583333    0.4773    1.1568    0.0238    0.0577
35.583333 35.625000    0.4239    1.6503    0.0211    0.0823
35.625000 35.666667    0.0420    2.0737    0.0021    0.1035
35.666667 35.708333    0.2528    1.5834    0.0126    0.0790
35.708333 35.750000  999.9999  999.9999  999.9999  999.9999
35.750000 35.791667    2.4055    0.9831    0.1200    0.0490
35.791667 35.833333    3.1173    1.4755    0.1555    0.0736
35.833333 35.875000    3.1471    1.5478    0.1570    0.0772
35.875000 35.916667    2.3527    1.3479    0.1174    0.0673
35.916667 35.958333    1.6153    1.0251    0.0806    0.0511
35.958333 36.000000    1.1133    0.8422    0.0555    0.0420
36.000000 36.041667    0.8951    0.6408    0.0447    0.0320
36.041667 36.083333    0.7379    0.4850    0.0368    0.0242
36.083333 36.125000    0.4827    0.3066    0.0241    0.0153
36.125000 36.166667    0.4452    0.2797    0.0222    0.0140
36.166667 36.208333    0.4229    0.2965    0.0211    0.0148
36.208333 36.250000    0.4311    0.3102    0.0215    0.0155
36.250000 36.291667    0.4899    0.3457    0.0244    0.0172
36.291667 36.333333    0.7153    0.4611    0.0357    0.0230
36.333333 36.375000    0.9609    0.6940    0.0479    0.0346
36.375000 36.416667    0.8557    0.6285    0.0427    0.0314
36.416667 36.458333    0.7267    0.4206    0.0363    0.0210
36.458333 36.500000    0.5190    0.2978    0.0259    0.0149
36.500000 36.541667    0.3446    0.2113    0.0172    0.0105
36.541667 36.583333    0.4405    0.2411    0.0220    0.0120
36.583333 36.625000    0.4846    0.2484    0.0242    0.0124
36.625000 36.666667    0.5275    0.1283    0.0263    0.0064
36.666667 36.708333    0.6465    0.0008    0.0323    0.0000
36.708333 36.750000    0.7308  999.9999    0.0365  999.9999
36.750000 36.791667    0.6931    0.0536    0.0346    0.0027
36.791667 36.833333    0.4712    0.1837    0.0235    0.0092
36.833333 36.875000    0.2641    0.2061    0.0132    0.0103
36.875000 36.916667    0.0887    0.2115    0.0044    0.0106
36.916667 36.958333    0.1709    0.1972    0.0085    0.0098
36.958333 37.000000    0.1682    0.1815    0.0084    0.0091
37.000000 37.041667    0.0840    0.1639    0.0042    0.0082
37.041667 37.083333    0.1920    0.0940    0.0096    0.0047
37.083333 37.125000    0.1982    0.1022    0.0099    0.0051
37.125000 37.166667    0.1910    0.0859    0.0095    0.0043
37.166667 37.208333    0.2301    0.0471    0.0115    0.0024
37.208333 37.250000    0.3295    0.0407    0.0164    0.0020
37.250000 37.291667    0.2219    0.0930    0.0111    0.0046
37.291667 37.333333    0.2365    0.0961    0.0118    0.0048
37.333333 37.375000    0.3269    0.1348    0.0163    0.0067
37.375000 37.416667    0.2943    0.1317    0.0147    0.0066
37.416667 37.458333    0.4636    0.1749    0.0231    0.0087
37.458333 37.500000    0.3718    0.2297    0.0185    0.0115
37.500000 37.541667    0.3129    0.2199    0.0156    0.0110
37.541667 37.583333    0.3221    0.2350    0.0161    0.0117
37.583333 37.625000    0.3991    0.5501    0.0199    0.0274
37.625000 37.666667    0.3775    0.5735    0.0188    0.0286
37.666667 37.708333    0.2955    0.3611    0.0147    0.0180
37.708333 37.750000    0.2900    0.3836    0.0145    0.0191
37.750000 37.791667    0.4000    0.3195    0.0200    0.0159
37.791667 37.833333    0.2407    0.2479    0.0120    0.0124
37.833333 37.875000    0.1939    0.1215    0.0097    0.0061
37.875000 37.916667    0.1224    0.1151    0.0061    0.0057
37.916667 37.958333    0.2638    0.0487    0.0132    0.0024
37.958333 38.000000    0.1094    0.0665    0.0055    0.0033
38.000000 38.041667  999.9999  999.9999  999.9999  999.9999
38.041667 38.083333  999.9999    0.1124  999.9999    0.0056
38.083333 38.125000    0.1469    0.0587    0.0073    0.0029
38.125000 38.166667    0.0667    0.0877    0.0033    0.0044
38.166667 38.208333    0.0420    0.1092    0.0021    0.0054
38.208333 38.250000    0.0548    0.0973    0.0027    0.0049
38.250000 38.291667    0.0705    0.1153    0.0035    0.0058
38.291667 38.333333    0.6114    0.0147    0.0305    0.0007
38.333333 38.375000    0.5810  999.9999    0.0290  999.9999
38.375000 38.416667    0.2381    0.1675    0.0119    0.0084
38.416667 38.458333    0.1032    0.2436    0.0052    0.0122
38.458333 38.500000    0.3388    0.1897    0.0169    0.0095
38.500000 38.541667    0.2881    0.1976    0.0144    0.0099
38.541667 38.583333    0.3472    0.2753    0.0173    0.0137
38.583333 38.625000    0.4303    0.3883    0.0215    0.0194
38.625000 38.666667    0.3991    0.5344    0.0199    0.0267
38.666667 38.708333    0.3884    0.6390    0.0194    0.0319
38.708333 38.750000    0.1895    0.8422    0.0095    0.0420
38.750000 38.791667    0.4368    0.8587    0.0218    0.0428
38.791667 38.833333    0.3961    1.0530    0.0198    0.0525
38.833333 38.875000    0.2696    0.8242    0.0134    0.0411
38.875000 38.916667    0.2032    0.8282    0.0101    0.0413
38.916667 38.958333    0.4910    0.7900    0.0245    0.0394
38.958333 39.000000    0.4116    1.0102    0.0205    0.0504
39.000000 39.041667    0.3390    1.0519    0.0169    0.0525
39.041667 39.083333    0.3604    1.0400    0.0180    0.0519
39.083333 39.125000    0.2729    0.8807    0.0136    0.0439
39.125000 39.166667    0.2600    0.6719    0.0130    0.0335
39.166667 39.208333    0.2362    0.5449    0.0118    0.0272
39.208333 39.250000    0.2589    0.5269    0.0129    0.0263
39.250000 39.291667    0.5471    0.1251    0.0273    0.0062
39.291667 39.333333    0.5381    0.1085    0.0268    0.0054
39.333333 39.375000    0.7908    0.0563    0.0395    0.0028
39.375000 39.416667    0.8014    0.0804    0.0400    0.0040
39.416667 39.458333    0.7534    0.1182    0.0376    0.0059
39.458333 39.500000    0.7961    0.0998    0.0397    0.0050
39.500000 39.541667    0.8543    0.1241    0.0426    0.0062
39.541667 39.583333    0.9408    0.1602    0.0469    0.0080
39.583333 39.625000    0.8293    0.1625    0.0414    0.0081
39.625000 39.666667    0.8488    0.1827    0.0423    0.0091
39.666667 39.708333    0.7693    0.3817    0.0384    0.0190
39.708333 39.750000    0.9151    0.3753    0.0457    0.0187
39.750000 39.791667    1.2067    0.4007    0.0602    0.0200
39.791667 39.833333    1.3124    0.4525    0.0655    0.0226
39.833333 39.875000    1.3609    0.4673    0.0679    0.0233
39.875000 39.916667    1.4106    0.5022    0.0704    0.0251
39.916667 39.958333    1.4346    0.6301    0.0716    0.0314
39.958333 40.000000    1.2467    0.5202    0.0622    0.0260
40.000000 40.041667    1.1849    0.4324    0.0591    0.0216
40.041667 40.083333    1.1109    0.4071    0.0554    0.0203
40.083333 40.125000    1.0100    0.3846    0.0504    0.0192
40.125000 40.166667    0.9537    0.3714    0.0476    0.0185
40.166667 40.208333    0.9859    0.3684    0.0492    0.0184
40.208333 40.250000    1.1092    0.3724    0.0553    0.0186
40.250000 40.291667    0.9938    0.3658    0.0496    0.0183
40.291667 40.333333    1.3656    0.3825    0.0681    0.0191
40.333333 40.375000    0.9644    0.2820    0.0481    0.0141
40.375000 40.416667    0.8224    0.3020    0.0410    0.0151
40.416667 40.458333    0.9240    0.3094    0.0461    0.0154
40.458333 40.500000    0.8592    0.3612    0.0429    0.0180
40.500000 40.541667    0.6480    0.5107    0.0323    0.0255
40.541667 40.583333    1.1838    0.5467    0.0591    0.0273
40.583333 40.625000    1.3357    0.6374    0.0666    0.0318
40.625000 40.666667    1.4106    0.5919    0.0704    0.0295
40.666667 40.708333    1.1381    0.5681    0.0568    0.0283
40.708333 40.750000    1.2309    0.5124    0.0614    0.0256
40.750000 40.791667    1.4972    1.3312    0.0747    0.0664
40.791667 40.833333    1.7294    1.7051    0.0863    0.0851
40.833333 40.875000    1.1714    0.9979    0.0584    0.0498
40.875000 40.916667    1.0397    1.1167    0.0519    0.0557
40.916667 40.958333    1.0361    1.1919    0.0517    0.0595
40.958333 41.000000    1.1261    1.9208    0.0562    0.0958
41.000000 41.041667    0.9757    2.1529    0.0487    0.1074
41.041667 41.083333    0.8177    2.4673    0.0408    0.1231
41.083333 41.125000    0.5819    3.3175    0.0290    0.1655
41.125000 41.166667  999.9999  999.9999  999.9999  999.9999
41.166667 41.208333    2.0331    0.8146    0.1014    0.0406
41.208333 41.250000    1.4071    0.6789    0.0702    0.0339
41.250000 41.291667    1.3724    1.1375    0.0685    0.0568
41.291667 41.333333    1.9698    0.6143    0.0983    0.0306
41.333333 41.375000    2.1275    0.4952    0.1061    0.0247
41.375000 41.416667    2.3563    0.4835    0.1176    0.0241
41.416667 41.458333    2.6760    0.4910    0.1335    0.0245
41.458333 41.500000    2.5231    0.3881    0.1259    0.0194
41.500000 41.541667    1.9185    0.3251    0.0957    0.0162
41.541667 41.583333    1.3564    0.2599    0.0677    0.0130
41.583333 41.625000    1.3455    0.2758    0.0671    0.0138
41.625000 41.666667    0.9611    0.2810    0.0480    0.0140
41.666667 41.708333    0.9670    0.2636    0.0482    0.0132
41.708333 41.750000    1.0048    0.2410    0.0501    0.0120
41.750000 41.791667    1.1188    0.2788    0.0558    0.0139
41.791667 41.833333    1.0651    0.3529    0.0531    0.0176
41.833333 41.875000    0.9745    0.3804    0.0486    0.0190
41.875000 41.916667    1.0932    0.1758    0.0545    0.0088
41.916667 41.958333    1.2589    0.3807    0.0628    0.0190
41.958333 42.000000    1.1728    0.4159    0.0585    0.0208
42.000000 42.041667    1.0250    0.4341    0.0511    0.0217
42.041667 42.083333    1.0388    0.5570    0.0518    0.0278
42.083333 42.125000    1.0112    0.5381    0.0504    0.0268
42.125000 42.166667    0.8921    0.3362    0.0445    0.0168
42.166667 42.208333    0.8741    0.3004    0.0436    0.0150
42.208333 42.250000    0.8950    0.3353    0.0447    0.0167
42.250000 42.291667    0.9881    0.3533    0.0493    0.0176
42.291667 42.333333    1.6623    0.3192    0.0829    0.0159
42.333333 42.375000    1.6376    0.4461    0.0817    0.0223
42.375000 42.416667    1.7717    0.5700    0.0884    0.0284
42.416667 42.458333    1.4594    0.4595    0.0728    0.0229
42.458333 42.500000    1.5490    0.5292    0.0773    0.0264
42.500000 42.541667    1.5174    0.6672    0.0757    0.0333
42.541667 42.583333    1.8613    1.2284    0.0929    0.0613
42.583333 42.625000    2.1233    2.1704    0.1059    0.1083
42.625000 42.666667    1.8704    2.5969    0.0933    0.1296
42.666667 42.708333    1.5595    2.7602    0.0778    0.1377
42.708333 42.750000  999.9999  999.9999  999.9999  999.9999
42.750000 42.791667    2.0390    0.4100    0.1017    0.0205
42.791667 42.833333    1.3416    0.5440    0.0669    0.0271
42.833333 42.875000    1.4308    0.4219    0.0714    0.0211
42.875000 42.916667    1.8055    0.5219    0.0901    0.0260
42.916667 42.958333    2.0650    0.6341    0.1030    0.0316
42.958333 43.000000    5.2975    0.0128    0.2643    0.0006
43.000000 43.041667    2.2258    0.9025    0.1111    0.0450
43.041667 43.083333    1.6156    0.6308    0.0806    0.0315
43.083333 43.125000    1.3928    0.5127    0.0695    0.0256
43.125000 43.166667    1.4322    0.6454    0.0715    0.0322
43.166667 43.208333    1.3605    0.5384    0.0679    0.0269
43.208333 43.250000    1.2151    0.5808    0.0606    0.0290
43.250000 43.291667    1.0710    0.4486    0.0534    0.0224
43.291667 43.333333    0.9580    0.4755    0.0478    0.0237
43.333333 43.375000    0.9795    0.4201    0.0489    0.0210
43.375000 43.416667    1.1511    0.5029    0.0574    0.0251
43.416667 43.458333    1.1501    0.5374    0.0574    0.0268
43.458333 43.500000    1.2193    0.6465    0.0608    0.0323
43.500000 43.541667    1.2065    0.8435    0.0602    0.0421
43.541667 43.583333    1.1348    0.9132    0.0566    0.0456
43.583333 43.625000    1.2804    1.1982    0.0639    0.0598
43.625000 43.666667    1.7576    2.0643    0.0877    0.1030
43.666667 43.708333    1.5276    2.6733    0.0762    0.1334
43.708333 43.750000    1.1388    2.6095    0.0568    0.1302
43.750000 43.791667    0.8850    2.6998    0.0442    0.1347
43.791667 43.833333    0.5684    3.1214    0.0284    0.1557
43.833333 43.875000    0.0182    4.2136    0.0009    0.2102
43.875000 43.916667  999.9999  999.9999  999.9999  999.9999
43.916667 43.958333    2.9666    1.1320    0.1480    0.0565
43.958333 44.000000    2.9202    1.2823    0.1457    0.0640
44.000000 44.041667    2.6562    1.3394    0.1325    0.0668
44.041667 44.083333    2.4368    1.3631    0.1216    0.0680
44.083333 44.125000    1.9840    1.3871    0.0990    0.0692
44.125000 44.166667    1.3099    1.1465    0.0654    0.0572
44.166667 44.208333    1.0891    0.9843    0.0543    0.0491
44.208333 44.250000    1.0653    0.9085    0.0532    0.0453
44.250000 44.291667    1.1153    0.8799    0.0556    0.0439
44.291667 44.333333    1.1060    0.9083    0.0552    0.0453
44.333333 44.375000    0.9687    0.9284    0.0483    0.0463
44.375000 44.416667    1.0559    1.2273    0.0527    0.0612
