tests/testdata/PMF_Absorption/Hyytiala_absorption_20171201_3mo_PMF_lev3.nas
25, 1001
Kulmala, Markku; Petaja, Tuukka; Virkkula, Aki; Luoma, Krista
FI03L, University of Helsinki, UHEL, Division of Atmospheric Sciences, PO BOX 64,, FI-00014, Helsinki, Finland
EIMPS Winter campaign (20171201 - 20180301), Aethalometer data (hourly), PMF applied
EMEP CAMPAIGN COLOSSAL
1 1
2017 12 01 2018 03 01
0.041667
days from file reference point
5
1 1 1 1 1
999.999999 999.9999 999.9999 999.9999 999.9999
end_time of measurement, days from the file reference point
Babs_bb, 1/Mm 
Babs_ff, 1/Mm 
eBC_bb, ug/m3 
eBC_ff, ug/m3 
Startdate: 20171201000000
Station name: Hyytiala
Station latitude:  61.850 
Station longitude:  24.283 
Station altitude: 181.0m 
MAC_880nm: 20.0431
Comment: Conversion factor (MAC_880nm) for Babs to eBC [ug/m3] using colocated EC where available. Should not necessarily be interpreted as "true MAC". Where no colocated EC data was available we have used instrument MAC vales (7.77 for AE33 16.6 for AE31)
starttime  endtime    Babs_bb   Babs_ff    eBC_bb    eBC_ff
[from data line 534]
22.250000 22.291667    0.7086    0.1445    0.0354    0.0072
22.291667 22.333333    0.4749    0.1433    0.0237    0.0071
22.333333 22.375000    0.4903    0.1279    0.0245    0.0064
22.375000 22.416667    0.4994    0.0790    0.0249    0.0039
22.416667 22.458333    0.2717    0.0622    0.0136    0.0031
22.458333 22.500000    0.1697    0.0398    0.0085    0.0020
22.500000 22.541667    0.1677    0.1121    0.0084    0.0056
22.541667 22.583333    0.6507    0.0870    0.0325    0.0043
22.583333 22.625000    0.5210    0.2254    0.0260    0.0112
22.625000 22.666667    0.5947    0.1723    0.0297    0.0086
22.666667 22.708333    0.3919    0.1357    0.0196    0.0068
22.708333 22.750000    0.1762    0.1029    0.0088    0.0051
22.750000 22.791667    0.2631    0.0576    0.0131    0.0029
22.791667 22.833333    0.1468    0.0784    0.0073    0.0039
22.833333 22.875000    0.0783    0.0926    0.0039    0.0046
22.875000 22.916667  999.9999  999.9999  999.9999  999.9999
22.916667 22.958333    0.1585  999.9999    0.0079  999.9999
22.958333 23.000000    0.0447    0.0618    0.0022    0.0031
23.000000 23.041667    0.0860    0.0492    0.0043    0.0025
23.041667 23.083333    0.1410    0.0099    0.0070    0.0005
23.083333 23.125000    0.1285    0.0142    0.0064    0.0007
23.125000 23.166667    0.0625    0.0350    0.0031    0.0017
23.166667 23.208333    0.1081    0.0218    0.0054    0.0011
23.208333 23.250000    0.1954    0.0000    0.0098    0.0000
23.250000 23.291667    0.2383    0.0176    0.0119    0.0009
23.291667 23.333333    0.1324    0.0913    0.0066    0.0046
23.333333 23.375000    0.2319    0.0741    0.0116    0.0037
23.375000 23.416667    0.2253    0.1225    0.0112    0.0061
23.416667 23.458333    0.3401    0.1662    0.0170    0.0083
23.458333 23.500000    0.3952    0.1250    0.0197    0.0062
23.500000 23.541667    0.2588    0.1681    0.0129    0.0084
23.541667 23.583333    0.3310    0.1965    0.0165    0.0098
23.583333 23.625000    0.4193    0.3229    0.0209    0.0161
23.625000 23.666667    0.5360    0.3147    0.0267    0.0157
23.666667 23.708333    0.5999    0.2903    0.0299    0.0145
23.708333 23.750000    0.6529    0.2632    0.0326    0.0131
23.750000 23.791667    0.6131    0.3826    0.0306    0.0191
23.791667 23.833333    0.5941    0.4638    0.0296    0.0231
23.833333 23.875000    0.5938    0.5325    0.0296    0.0266
23.875000 23.916667    0.9720    0.5131    0.0485    0.0256
23.916667 23.958333    0.8085    0.6559    0.0403    0.0327
23.958333 24.000000    0.7978    0.6602    0.0398    0.0329
24.000000 24.041667    1.0132    0.5426    0.0506    0.0271
24.041667 24.083333    0.8205    0.5049    0.0409    0.0252
24.083333 24.125000    1.0933    0.4230    0.0545    0.0211
24.125000 24.166667    1.0489    0.5487    0.0523    0.0274
24.166667 24.208333    1.1621    0.5997    0.0580    0.0299
24.208333 24.250000    1.2791    0.5828    0.0638    0.0291
24.250000 24.291667    0.8380    0.5738    0.0418    0.0286
24.291667 24.333333    0.9048    0.4555    0.0451    0.0227
24.333333 24.375000    1.5718    0.7932    0.0784    0.0396
24.375000 24.416667    1.4982    1.8742    0.0747    0.0935
24.416667 24.458333    1.3388    1.1620    0.0668    0.0580
24.458333 24.500000    1.4052    1.7126    0.0701    0.0854
24.500000 24.541667    1.5501    2.6036    0.0773    0.1299
24.541667 24.583333    1.2969    3.9076    0.0647    0.1950
24.583333 24.625000    0.7473    3.0146    0.0373    0.1504
24.625000 24.666667  999.9999  999.9999  999.9999  999.9999
24.666667 24.708333    2.6093    0.9811    0.1302    0.0490
24.708333 24.750000    2.1011    0.6651    0.1048    0.0332
24.750000 24.791667    1.7983    0.5877    0.0897    0.0293
24.791667 24.833333    1.2389    0.3766    0.0618    0.0188
24.833333 24.875000    1.0599    0.3228    0.0529    0.0161
24.875000 24.916667    0.8544    0.2122    0.0426    0.0106
24.916667 24.958333    0.6572    0.1662    0.0328    0.0083
24.958333 25.000000    0.6597    0.1329    0.0329    0.0066
25.000000 25.041667    0.4385    0.0843    0.0219    0.0042
25.041667 25.083333    0.4339    0.1067    0.0216    0.0053
25.083333 25.125000    0.9565    0.3151    0.0477    0.0157
25.125000 25.166667    1.3730    0.3775    0.0685    0.0188
25.166667 25.208333    1.3614    0.3630    0.0679    0.0181
25.208333 25.250000    1.1730    0.2972    0.0585    0.0148
25.250000 25.291667    1.4764    0.2347    0.0737    0.0117
25.291667 25.333333    0.4862    0.1496    0.0243    0.0075
25.333333 25.375000    0.4063    0.1001    0.0203    0.0050
25.375000 25.416667    0.3380    0.0953    0.0169    0.0048
25.416667 25.458333    0.4303    0.0814    0.0215    0.0041
25.458333 25.500000    0.4008    0.0955    0.0200    0.0048
25.500000 25.541667    0.5346    0.1002    0.0267    0.0050
25.541667 25.583333    0.5615    0.1711    0.0280    0.0085
25.583333 25.625000    0.6182    0.1861    0.0308    0.0093
25.625000 25.666667    0.5956    0.1133    0.0297    0.0057
25.666667 25.708333    0.7317    0.1313    0.0365    0.0066
25.708333 25.750000    1.0010    0.2001    0.0499    0.0100
25.750000 25.791667    1.1133    0.2529    0.0555    0.0126
25.791667 25.833333    0.8349    0.2497    0.0417    0.0125
25.833333 25.875000    0.7735    0.2239    0.0386    0.0112
25.875000 25.916667    0.6201    0.1788    0.0309    0.0089
25.916667 25.958333    0.6626    0.1616    0.0331    0.0081
25.958333 26.000000    0.6790    0.1860    0.0339    0.0093
26.000000 26.041667    0.5929    0.1442    0.0296    0.0072
26.041667 26.083333    0.4600    0.1586    0.0229    0.0079
26.083333 26.125000  999.9999    0.7114  999.9999    0.0355
26.125000 26.166667    0.4624    0.1071    0.0231    0.0053
26.166667 26.208333    0.7920    0.1519    0.0395    0.0076
26.208333 26.250000    0.6481    0.2947    0.0323    0.0147
26.250000 26.291667    1.1410    0.4148    0.0569    0.0207
26.291667 26.333333    1.0449    0.4132    0.0521    0.0206
26.333333 26.375000    0.7610    0.2931    0.0380    0.0146
26.375000 26.416667    0.6216    0.2915    0.0310    0.0145
26.416667 26.458333    0.7787    0.2556    0.0388    0.0128
26.458333 26.500000    0.7441    0.2886    0.0371    0.0144
26.500000 26.541667    0.8024    0.3538    0.0400    0.0177
26.541667 26.583333    0.8344    0.3855    0.0416    0.0192
26.583333 26.625000    0.9744    0.4813    0.0486    0.0240
26.625000 26.666667    1.3369    0.6469    0.0667    0.0323
26.666667 26.708333    1.4628    1.0403    0.0730    0.0519
26.708333 26.750000    1.1745    1.0835    0.0586    0.0541
26.750000 26.791667    0.9473    0.9278    0.0473    0.0463
26.791667 26.833333    0.9686    1.0714    0.0483    0.0535
26.833333 26.875000    0.8277    1.1417    0.0413    0.0570
26.875000 26.916667    0.6236    1.0806    0.0311    0.0539
26.916667 26.958333    0.7098    1.0625    0.0354    0.0530
26.958333 27.000000    0.5787    1.0984    0.0289    0.0548
27.000000 27.041667    0.5209    1.0646    0.0260    0.0531
27.041667 27.083333    0.4275    0.8921    0.0213    0.0445
27.083333 27.125000    0.3614    0.7848    0.0180    0.0392
27.125000 27.166667    0.1308    0.8115    0.0065    0.0405
27.166667 27.208333    0.3433    0.9023    0.0171    0.0450
27.208333 27.250000    0.3630    1.1272    0.0181    0.0562
27.250000 27.291667    0.3346    1.5289    0.0167    0.0763
27.291667 27.333333    1.4406    0.6805    0.0719    0.0340
27.333333 27.375000    1.7942    0.8524    0.0895    0.0425
27.375000 27.416667    2.2813    0.9548    0.1138    0.0476
27.416667 27.458333    2.7277    1.0306    0.1361    0.0514
27.458333 27.500000    3.0145    1.1376    0.1504    0.0568
27.500000 27.541667    2.7897    1.3998    0.1392    0.0698
27.541667 27.583333    2.6091    1.4598    0.1302    0.0728
27.583333 27.625000    2.8423    1.5510    0.1418    0.0774
27.625000 27.666667    3.0149    1.5850    0.1504    0.0791
27.666667 27.708333    2.4027    1.5819    0.1199    0.0789
27.708333 27.750000    2.0975    1.5171    0.1046    0.0757
27.750000 27.791667    2.0725    1.4746    0.1034    0.0736
27.791667 27.833333    1.9084    1.5376    0.0952    0.0767
27.833333 27.875000    1.5455    1.5383    0.0771    0.0767
27.875000 27.916667    1.1011    1.4452    0.0549    0.0721
27.916667 27.958333    0.7258    1.2713    0.0362    0.0634
27.958333 28.000000    0.5464    1.0745    0.0273    0.0536
28.000000 28.041667    0.8840    1.9090    0.0441    0.0952
28.041667 28.083333    0.7764    3.2833    0.0387    0.1638
28.083333 28.125000    0.1575    5.6227    0.0079    0.2805
28.125000 28.166667  999.9999  999.9999  999.9999  999.9999
28.166667 28.208333    4.0156    2.5240    0.2004    0.1259
28.208333 28.250000    4.0857    3.5214    0.2038    0.1757
28.250000 28.291667    3.3220    3.4501    0.1657    0.1721
28.291667 28.333333    2.7864    3.1672    0.1390    0.1580
28.333333 28.375000    2.0237    2.8332    0.1010    0.1414
28.375000 28.416667    2.4103    2.7896    0.1203    0.1392
28.416667 28.458333    2.7301    2.7071    0.1362    0.1351
28.458333 28.500000    2.2164    2.7103    0.1106    0.1352
28.500000 28.541667    1.7373    3.2528    0.0867    0.1623
28.541667 28.583333    0.9728    3.3751    0.0485    0.1684
28.583333 28.625000    0.4352    3.1790    0.0217    0.1586
28.625000 28.666667    0.0259    2.8740    0.0013    0.1434
28.666667 28.708333    0.0000    3.2662    0.0000    0.1630
28.708333 28.750000    2.3154    1.1152    0.1155    0.0556
28.750000 28.791667    2.2675    1.0799    0.1131    0.0539
28.791667 28.833333    2.4999    1.1174    0.1247    0.0558
28.833333 28.875000    2.7409    1.2587    0.1367    0.0628
28.875000 28.916667    2.1454    1.0274    0.1070    0.0513
28.916667 28.958333    1.9490    1.0564    0.0972    0.0527
28.958333 29.000000    1.9742    1.0883    0.0985    0.0543
29.000000 29.041667    1.8946    1.1410    0.0945    0.0569
29.041667 29.083333    1.8311    1.1910    0.0914    0.0594
29.083333 29.125000    1.6929    1.1920    0.0845    0.0595
29.125000 29.166667    1.5339    1.1491    0.0765    0.0573
29.166667 29.208333    1.2570    0.9809    0.0627    0.0489
29.208333 29.250000    0.8778    0.6149    0.0438    0.0307
29.250000 29.291667    0.5660    0.4007    0.0282    0.0200
29.291667 29.333333    0.5024    0.3730    0.0251    0.0186
29.333333 29.375000    0.4285    0.3733    0.0214    0.0186
29.375000 29.416667    0.4891    0.3140    0.0244    0.0157
29.416667 29.458333    0.4737    0.3281    0.0236    0.0164
29.458333 29.500000    0.5605    0.4428    0.0280    0.0221
29.500000 29.541667    0.3680    0.3277    0.0184    0.0163
29.541667 29.583333    0.4623    0.4172    0.0231    0.0208
29.583333 29.625000    0.7442    0.5197    0.0371    0.0259
29.625000 29.666667    0.7510    0.7445    0.0375    0.0371
29.666667 29.708333    0.7398    0.9100    0.0369    0.0454
29.708333 29.750000    0.8689    1.1660    0.0434    0.0582
29.750000 29.791667    0.8659    1.2797    0.0432    0.0638
29.791667 29.833333    0.8590    1.3503    0.0429    0.0674
29.833333 29.875000    0.7276    1.2741    0.0363    0.0636
29.875000 29.916667    0.6425    1.0225    0.0321    0.0510
29.916667 29.958333    0.5571    1.0172    0.0278    0.0508
29.958333 30.000000    0.5436    0.8781    0.0271    0.0438
30.000000 30.041667    0.4393    0.9247    0.0219    0.0461
30.041667 30.083333    0.3360    1.1693    0.0168    0.0583
30.083333 30.125000    0.1777    1.5817    0.0089    0.0789
30.125000 30.166667    0.0144    1.8685    0.0007    0.0932
30.166667 30.208333    0.0000    1.9527    0.0000    0.0974
30.208333 30.250000  999.9999  999.9999  999.9999  999.9999
30.250000 30.291667    1.2737    0.5911    0.0635    0.0295
30.291667 30.333333    1.7431    1.0190    0.0870    0.0508
30.333333 30.375000    1.9034    1.1261    0.0950    0.0562
30.375000 30.416667    1.9324    1.1865    0.0964    0.0592
30.416667 30.458333    2.0152    1.3489    0.1005    0.0673
30.458333 30.500000    2.0682    1.6346    0.1032    0.0816
30.500000 30.541667    1.8844    1.9785    0.0940    0.0987
30.541667 30.583333    1.9716    2.0838    0.0984    0.1040
30.583333 30.625000    1.8002    2.1317    0.0898    0.1064
30.625000 30.666667    2.1914    2.6211    0.1093    0.1308
30.666667 30.708333    2.0584    2.6282    0.1027    0.1311
30.708333 30.750000    1.6139    3.1604    0.0805    0.1577
30.750000 30.791667    0.6042    3.9336    0.0301    0.1963
30.791667 30.833333  999.9999    4.6822  999.9999    0.2336
30.833333 30.875000    0.0000    4.6325    0.0000    0.2311
30.875000 30.916667    0.0007    4.6295    0.0000    0.2310
30.916667 30.958333  999.9999  999.9999  999.9999  999.9999
30.958333 31.000000    3.2612    2.0438    0.1627    0.1020
31.000000 31.041667    3.0057    2.0284    0.1500    0.1012
31.041667 31.083333    2.5629    1.8503    0.1279    0.0923
31.083333 31.125000    2.3680    1.9397    0.1181    0.0968
31.125000 31.166667    2.0446    1.9028    0.1020    0.0949
31.166667 31.208333    1.8150    1.8848    0.0906    0.0940
31.208333 31.250000    1.6652    1.8215    0.0831    0.0909
31.250000 31.291667    1.6253    1.7764    0.0811    0.0886
31.291667 31.333333    1.4848    1.7071    0.0741    0.0852
31.333333 31.375000    1.2648    1.7045    0.0631    0.0850
31.375000 31.416667    1.0297    1.8447    0.0514    0.0920
31.416667 31.458333    0.9070    1.9858    0.0453    0.0991
31.458333 31.500000    0.9828    2.2000    0.0490    0.1098
31.500000 31.541667    0.8709    2.5831    0.0435    0.1289
31.541667 31.583333    0.8885    3.0205    0.0443    0.1507
31.583333 31.625000    0.5608    3.6363    0.0280    0.1814
31.625000 31.666667    0.0000    4.1998    0.0000    0.2095
31.666667 31.708333  999.9999  999.9999  999.9999  999.9999
31.708333 31.750000    2.1652    1.1106    0.1080    0.0554
31.750000 31.791667    1.8726    1.0601    0.0934    0.0529
31.791667 31.833333    1.2984    0.7508    0.0648    0.0375
31.833333 31.875000    0.8551    0.4697    0.0427    0.0234
31.875000 31.916667    0.5857    0.2902    0.0292    0.0145
31.916667 31.958333    0.4714    0.2215    0.0235    0.0111
31.958333 32.000000    0.3946    0.1833    0.0197    0.0091
32.000000 32.041667    0.3463    0.1679    0.0173    0.0084
32.041667 32.083333  999.9999    1.0518  999.9999    0.0525
32.083333 32.125000    0.2436    0.3132    0.0122    0.0156
32.125000 32.166667    0.4364    0.2131    0.0218    0.0106
32.166667 32.208333    0.6301    0.2796    0.0314    0.0140
32.208333 32.250000    0.9657    0.3296    0.0482    0.0164
32.250000 32.291667    1.4191    0.1720    0.0708    0.0086
32.291667 32.333333    3.0212    0.7345    0.1507    0.0366
32.333333 32.375000    2.4063    0.9343    0.1201    0.0466
32.375000 32.416667    0.7127    0.1892    0.0356    0.0094
32.416667 32.458333    0.6568    0.2509    0.0328    0.0125
32.458333 32.500000    0.9956    0.3359    0.0497    0.0168
32.500000 32.541667    0.9971    0.4440    0.0497    0.0222
32.541667 32.583333    0.9811    0.5345    0.0490    0.0267
32.583333 32.625000    1.5441    0.5634    0.0770    0.0281
32.625000 32.666667    1.0253    0.5747    0.0512    0.0287
32.666667 32.708333    1.6566    0.9744    0.0827    0.0486
32.708333 32.750000    1.5095    0.8984    0.0753    0.0448
32.750000 32.791667    0.9523    0.7009    0.0475    0.0350
32.791667 32.833333    0.9299    0.6451    0.0464    0.0322
32.833333 32.875000    0.7445    0.5784    0.0371    0.0289
32.875000 32.916667    0.6514    0.4917    0.0325    0.0245
32.916667 32.958333    0.3987    0.3288    0.0199    0.0164
32.958333 33.000000    0.3510    0.2600    0.0175    0.0130
33.000000 33.041667    0.2751    0.1988    0.0137    0.0099
33.041667 33.083333    0.2396    0.1856    0.0120    0.0093
33.083333 33.125000    0.2660    0.1682    0.0133    0.0084
33.125000 33.166667    0.1564    0.1760    0.0078    0.0088
33.166667 33.208333    0.2756    0.1323    0.0137    0.0066
33.208333 33.250000    0.3730    0.1889    0.0186    0.0094
33.250000 33.291667    0.4604    0.2382    0.0230    0.0119
33.291667 33.333333    0.4120    0.2403    0.0206    0.0120
