tests/testdata/PMF_Absorption/MaceHead_absorption_20171201_3mo_PMF_lev3.nas
25, 1001
Martin, Damien
IE04L, "National University of Ireland, Galway", NUIG, School of Physics, University Road, , , Galway, Ireland
EIMPS Winter campaign (20171201 - 20180301), Aethalometer data (hourly), PMF applied
EMEP CAMPAIGN COLOSSAL
1 1
2017 12 01 2018 03 01
0.041667
days from file reference point
5
1 1 1 1 1
999.999999 999.9999 999.9999 999.9999 999.9999
end_time of measurement, days from the file reference point
Babs_bb, 1/Mm 
Babs_ff, 1/Mm 
eBC_bb, ug/m3 
eBC_ff, ug/m3 
Startdate: 20171201000000
Station name: MaceHead
Station latitude:  53.326 
Station longitude:  -9.899 
Station altitude: 5.0m 
MAC_880nm: 7.77
Comment: Conversion factor (MAC_880nm) for Babs to eBC [ug/m3] using colocated EC where available. Should not necessarily be interpreted as "true MAC". Where no colocated EC data was available we have used instrument MAC vales (7.77 for AE33 16.6 for AE31)
starttime  endtime    Babs_bb   Babs_ff    eBC_bb    eBC_ff
[from data line 1867]
77.791667 77.833333  999.9999  999.9999  999.9999  999.9999
77.833333 77.875000  999.9999  999.9999  999.9999  999.9999
77.875000 77.916667  999.9999  999.9999  999.9999  999.9999
77.916667 77.958333  999.9999  999.9999  999.9999  999.9999
77.958333 78.000000  999.9999  999.9999  999.9999  999.9999
78.000000 78.041667  999.9999  999.9999  999.9999  999.9999
78.041667 78.083333  999.9999  999.9999  999.9999  999.9999
78.083333 78.125000  999.9999  999.9999  999.9999  999.9999
78.125000 78.166667  999.9999  999.9999  999.9999  999.9999
78.166667 78.208333  999.9999  999.9999  999.9999  999.9999
78.208333 78.250000  999.9999  999.9999  999.9999  999.9999
78.250000 78.291667  999.9999  999.9999  999.9999  999.9999
78.291667 78.333333  999.9999  999.9999  999.9999  999.9999
78.333333 78.375000  999.9999  999.9999  999.9999  999.9999
78.375000 78.416667  999.9999  999.9999  999.9999  999.9999
78.416667 78.458333  999.9999  999.9999  999.9999  999.9999
78.458333 78.500000    0.0361    0.0048    0.0046    0.0006
78.500000 78.541667  999.9999  999.9999  999.9999  999.9999
78.541667 78.583333    0.0132    0.0049    0.0017    0.0006
78.583333 78.625000  999.9999  999.9999  999.9999  999.9999
78.625000 78.666667  999.9999  999.9999  999.9999  999.9999
78.666667 78.708333  999.9999  999.9999  999.9999  999.9999
78.708333 78.750000    0.1175    0.0168    0.0151    0.0022
78.750000 78.791667    0.0684    0.0064    0.0088    0.0008
78.791667 78.833333    0.5446    0.2064    0.0701    0.0266
78.833333 78.875000    1.0675    0.6852    0.1374    0.0882
78.875000 78.916667    1.0022    0.7039    0.1290    0.0906
78.916667 78.958333    0.8871    0.4623    0.1142    0.0595
78.958333 79.000000    0.9696    0.4998    0.1248    0.0643
79.000000 79.041667  999.9999  999.9999  999.9999  999.9999
79.041667 79.083333    1.0857    0.4903    0.1397    0.0631
79.083333 79.125000    0.8937    0.3469    0.1150    0.0446
79.125000 79.166667    0.6722    0.2179    0.0865    0.0280
79.166667 79.208333    0.4362    0.1248    0.0561    0.0161
79.208333 79.250000    0.2313    0.0802    0.0298    0.0103
79.250000 79.291667    0.1145    0.0352    0.0147    0.0045
79.291667 79.333333  999.9999  999.9999  999.9999  999.9999
79.333333 79.375000    0.0756    0.0021    0.0097    0.0003
79.375000 79.416667    0.1484    0.0077    0.0191    0.0010
79.416667 79.458333    0.1381    0.0046    0.0178    0.0006
79.458333 79.500000    0.1301    0.0035    0.0167    0.0004
79.500000 79.541667    0.1146    0.0036    0.0148    0.0005
79.541667 79.583333    0.1265    0.0003    0.0163    0.0000
79.583333 79.625000    0.1200    0.0010    0.0154    0.0001
79.625000 79.666667    0.1220    0.0014    0.0157    0.0002
79.666667 79.708333    0.1080    0.0003    0.0139    0.0000
79.708333 79.750000    0.1151    0.0006    0.0148    0.0001
79.750000 79.791667    0.1089    0.0001    0.0140    0.0000
79.791667 79.833333    0.1099    0.0003    0.0141    0.0000
79.833333 79.875000  999.9999  999.9999  999.9999  999.9999
79.875000 79.916667  999.9999  999.9999  999.9999  999.9999
79.916667 79.958333  999.9999  999.9999  999.9999  999.9999
79.958333 80.000000  999.9999  999.9999  999.9999  999.9999
80.000000 80.041667  999.9999  999.9999  999.9999  999.9999
80.041667 80.083333  999.9999  999.9999  999.9999  999.9999
80.083333 80.125000    0.0914    0.0001    0.0118    0.0000
80.125000 80.166667    0.0811    0.0002    0.0104    0.0000
80.166667 80.208333  999.9999  999.9999  999.9999  999.9999
80.208333 80.250000  999.9999  999.9999  999.9999  999.9999
80.250000 80.291667    0.0988    0.0001    0.0127    0.0000
80.291667 80.333333    0.0888    0.0000    0.0114    0.0000
80.333333 80.375000  999.9999  999.9999  999.9999  999.9999
80.375000 80.416667  999.9999  999.9999  999.9999  999.9999
80.416667 80.458333    0.0636    0.0031    0.0082    0.0004
80.458333 80.500000    0.0566    0.0000    0.0073    0.0000
80.500000 80.541667  999.9999  999.9999  999.9999  999.9999
80.541667 80.583333  999.9999  999.9999  999.9999  999.9999
80.583333 80.625000    0.0238    0.0025    0.0031    0.0003
80.625000 80.666667  999.9999  999.9999  999.9999  999.9999
80.666667 80.708333    0.0280    0.0004    0.0036    0.0000
80.708333 80.750000    0.0504    0.0021    0.0065    0.0003
80.750000 80.791667    0.0686    0.0029    0.0088    0.0004
80.791667 80.833333    0.0963    0.0000    0.0124    0.0000
80.833333 80.875000  999.9999  999.9999  999.9999  999.9999
80.875000 80.916667  999.9999  999.9999  999.9999  999.9999
80.916667 80.958333  999.9999  999.9999  999.9999  999.9999
80.958333 81.000000    0.0759    0.0047    0.0098    0.0006
81.000000 81.041667    0.0460    0.0120    0.0059    0.0015
81.041667 81.083333    0.0405    0.0051    0.0052    0.0007
81.083333 81.125000  999.9999  999.9999  999.9999  999.9999
81.125000 81.166667    0.0513    0.0001    0.0066    0.0000
81.166667 81.208333    0.0389    0.0025    0.0050    0.0003
81.208333 81.250000    0.0675    0.0002    0.0087    0.0000
81.250000 81.291667    0.0687    0.0054    0.0088    0.0007
81.291667 81.333333    0.1006    0.0026    0.0130    0.0003
81.333333 81.375000    0.0791    0.0045    0.0102    0.0006
81.375000 81.416667    0.0693    0.0070    0.0089    0.0009
81.416667 81.458333  999.9999  999.9999  999.9999  999.9999
81.458333 81.500000    0.1530    0.0094    0.0197    0.0012
81.500000 81.541667  999.9999  999.9999  999.9999  999.9999
81.541667 81.583333  999.9999  999.9999  999.9999  999.9999
81.583333 81.625000  999.9999  999.9999  999.9999  999.9999
81.625000 81.666667  999.9999  999.9999  999.9999  999.9999
81.666667 81.708333  999.9999  999.9999  999.9999  999.9999
81.708333 81.750000  999.9999  999.9999  999.9999  999.9999
81.750000 81.791667  999.9999  999.9999  999.9999  999.9999
81.791667 81.833333    0.1350    0.0009    0.0174    0.0001
81.833333 81.875000    0.1653    0.0337    0.0213    0.0043
81.875000 81.916667    0.2653    0.0957    0.0341    0.0123
81.916667 81.958333  999.9999  999.9999  999.9999  999.9999
81.958333 82.000000    0.3825    0.3010    0.0492    0.0387
82.000000 82.041667    0.1534    0.0810    0.0197    0.0104
82.041667 82.083333    0.1129    0.0304    0.0145    0.0039
82.083333 82.125000    0.0989    0.0055    0.0127    0.0007
82.125000 82.166667    0.1928    0.0651    0.0248    0.0084
82.166667 82.208333    0.1783    0.0708    0.0230    0.0091
82.208333 82.250000    0.3140    0.1060    0.0404    0.0136
82.250000 82.291667    0.1863    0.0394    0.0240    0.0051
82.291667 82.333333    0.1821    0.0459    0.0234    0.0059
82.333333 82.375000    0.2407    0.0792    0.0310    0.0102
82.375000 82.416667    0.3532    0.0983    0.0455    0.0126
82.416667 82.458333    0.4630    0.1403    0.0596    0.0181
82.458333 82.500000    0.5056    0.1497    0.0651    0.0193
82.500000 82.541667    0.3559    0.0879    0.0458    0.0113
82.541667 82.583333    0.3763    0.0792    0.0484    0.0102
82.583333 82.625000    0.4083    0.0712    0.0526    0.0092
82.625000 82.666667    0.2928    0.0423    0.0377    0.0054
82.666667 82.708333    0.2156    0.0296    0.0277    0.0038
82.708333 82.750000    0.1741    0.0212    0.0224    0.0027
82.750000 82.791667    0.1676    0.0192    0.0216    0.0025
82.791667 82.833333    0.1376    0.0201    0.0177    0.0026
82.833333 82.875000    0.2439    0.0252    0.0314    0.0032
82.875000 82.916667    0.3286    0.0617    0.0423    0.0079
82.916667 82.958333    0.5916    0.1439    0.0761    0.0185
82.958333 83.000000    0.6589    0.1937    0.0848    0.0249
83.000000 83.041667    0.3739    0.1109    0.0481    0.0143
83.041667 83.083333    0.3937    0.1209    0.0507    0.0156
83.083333 83.125000    0.4495    0.1466    0.0578    0.0189
83.125000 83.166667    0.6300    0.2314    0.0811    0.0298
83.166667 83.208333    0.3132    0.1036    0.0403    0.0133
83.208333 83.250000    0.1854    0.0499    0.0239    0.0064
83.250000 83.291667    0.1409    0.0287    0.0181    0.0037
83.291667 83.333333    0.1263    0.0219    0.0163    0.0028
83.333333 83.375000    0.1241    0.0186    0.0160    0.0024
83.375000 83.416667    0.1939    0.0306    0.0250    0.0039
83.416667 83.458333    0.2625    0.0294    0.0338    0.0038
83.458333 83.500000    0.3207    0.0352    0.0413    0.0045
83.500000 83.541667    0.3785    0.0409    0.0487    0.0053
83.541667 83.583333    0.4342    0.0437    0.0559    0.0056
83.583333 83.625000    0.4139    0.0435    0.0533    0.0056
83.625000 83.666667    0.3604    0.0413    0.0464    0.0053
83.666667 83.708333    0.3579    0.0435    0.0461    0.0056
83.708333 83.750000    0.3567    0.0449    0.0459    0.0058
83.750000 83.791667    0.5384    0.0629    0.0693    0.0081
83.791667 83.833333    0.7068    0.0794    0.0910    0.0102
83.833333 83.875000    0.7426    0.0967    0.0956    0.0125
83.875000 83.916667  999.9999  999.9999  999.9999  999.9999
83.916667 83.958333    0.7049    0.0698    0.0907    0.0090
83.958333 84.000000    0.6224    0.0643    0.0801    0.0083
84.000000 84.041667  999.9999  999.9999  999.9999  999.9999
84.041667 84.083333    0.5367    0.1141    0.0691    0.0147
84.083333 84.125000    0.4817    0.0900    0.0620    0.0116
84.125000 84.166667    0.4692    0.0745    0.0604    0.0096
84.166667 84.208333    0.4861    0.0704    0.0626    0.0091
84.208333 84.250000    0.4769    0.0639    0.0614    0.0082
84.250000 84.291667    0.4444    0.0574    0.0572    0.0074
84.291667 84.333333    0.5196    0.0703    0.0669    0.0090
84.333333 84.375000    0.5086    0.0727    0.0655    0.0094
84.375000 84.416667    0.5504    0.0772    0.0708    0.0099
84.416667 84.458333    0.6101    0.0958    0.0785    0.0123
84.458333 84.500000    0.5795    0.0975    0.0746    0.0125
84.500000 84.541667    0.4564    0.0849    0.0587    0.0109
84.541667 84.583333    0.4637    0.0507    0.0597    0.0065
84.583333 84.625000    0.4830    0.0535    0.0622    0.0069
84.625000 84.666667    0.5268    0.0548    0.0678    0.0071
84.666667 84.708333    0.5266    0.0553    0.0678    0.0071
84.708333 84.750000    0.5288    0.0584    0.0681    0.0075
84.750000 84.791667    0.5862    0.0542    0.0754    0.0070
84.791667 84.833333    0.5114    0.0468    0.0658    0.0060
84.833333 84.875000    0.6326    0.0686    0.0814    0.0088
84.875000 84.916667    0.6938    0.0971    0.0893    0.0125
84.916667 84.958333    0.5501    0.1463    0.0708    0.0188
84.958333 85.000000    0.4964    0.1238    0.0639    0.0159
85.000000 85.041667    0.4674    0.1039    0.0602    0.0134
85.041667 85.083333    0.4215    0.0911    0.0542    0.0117
85.083333 85.125000    0.4131    0.0829    0.0532    0.0107
85.125000 85.166667    0.3712    0.0699    0.0478    0.0090
85.166667 85.208333    0.3445    0.0648    0.0443    0.0083
85.208333 85.250000    0.3791    0.0689    0.0488    0.0089
85.250000 85.291667    0.4073    0.0754    0.0524    0.0097
85.291667 85.333333    0.4182    0.0763    0.0538    0.0098
85.333333 85.375000    0.3999    0.0776    0.0515    0.0100
85.375000 85.416667    0.3743    0.0656    0.0482    0.0084
85.416667 85.458333    0.4480    0.1364    0.0577    0.0176
85.458333 85.500000    0.4796    0.0805    0.0617    0.0104
85.500000 85.541667    0.5154    0.1319    0.0663    0.0170
85.541667 85.583333    0.5930    0.1597    0.0763    0.0206
85.583333 85.625000    0.6101    0.1255    0.0785    0.0162
85.625000 85.666667    0.8513    0.2991    0.1096    0.0385
85.666667 85.708333    0.9554    0.2183    0.1230    0.0281
85.708333 85.750000    0.9898    0.2985    0.1274    0.0384
85.750000 85.791667    0.7268    0.5556    0.0935    0.0715
85.791667 85.833333    1.1363    0.7747    0.1462    0.0997
85.833333 85.875000    0.7107    0.2531    0.0915    0.0326
85.875000 85.916667  999.9999  999.9999  999.9999  999.9999
85.916667 85.958333    0.8899    0.3689    0.1145    0.0475
85.958333 86.000000    0.9364    0.2413    0.1205    0.0311
86.000000 86.041667    0.9344    0.2094    0.1203    0.0269
86.041667 86.083333    0.8641    0.2047    0.1112    0.0263
86.083333 86.125000    0.9621    0.3059    0.1238    0.0394
86.125000 86.166667    1.0024    0.3372    0.1290    0.0434
86.166667 86.208333    1.1164    0.4264    0.1437    0.0549
86.208333 86.250000    1.2521    0.4395    0.1611    0.0566
86.250000 86.291667    1.0750    0.3898    0.1383    0.0502
86.291667 86.333333    1.0002    0.3401    0.1287    0.0438
86.333333 86.375000    1.0001    0.3153    0.1287    0.0406
86.375000 86.416667    1.0056    0.2643    0.1294    0.0340
86.416667 86.458333    1.0507    0.2839    0.1352    0.0365
86.458333 86.500000    1.0823    0.2749    0.1393    0.0354
86.500000 86.541667    1.1026    0.3124    0.1419    0.0402
86.541667 86.583333    1.0167    0.5110    0.1308    0.0658
86.583333 86.625000  999.9999  999.9999  999.9999  999.9999
86.625000 86.666667    1.3102    0.2064    0.1686    0.0266
86.666667 86.708333    0.8476    0.3033    0.1091    0.0390
86.708333 86.750000    1.3786    0.3513    0.1774    0.0452
86.750000 86.791667    0.6532    0.2131    0.0841    0.0274
86.791667 86.833333    0.6618    0.3214    0.0852    0.0414
86.833333 86.875000    0.6297    0.2613    0.0810    0.0336
86.875000 86.916667    0.6057    0.2272    0.0780    0.0292
86.916667 86.958333    0.5810    0.2264    0.0748    0.0291
86.958333 87.000000    0.6007    0.2387    0.0773    0.0307
87.000000 87.041667  999.9999  999.9999  999.9999  999.9999
87.041667 87.083333    0.7655    0.2755    0.0985    0.0355
87.083333 87.125000    0.6412    0.2586    0.0825    0.0333
87.125000 87.166667    0.7016    0.2756    0.0903    0.0355
87.166667 87.208333    0.6825    0.2930    0.0878    0.0377
87.208333 87.250000    0.6656    0.2658    0.0857    0.0342
87.250000 87.291667    0.6178    0.2587    0.0795    0.0333
87.291667 87.333333    0.5786    0.2791    0.0745    0.0359
87.333333 87.375000    0.5340    0.2840    0.0687    0.0366
87.375000 87.416667    0.4670    0.2528    0.0601    0.0325
87.416667 87.458333    0.4321    0.2379    0.0556    0.0306
87.458333 87.500000    0.3496    0.1969    0.0450    0.0253
87.500000 87.541667    0.3870    0.2993    0.0498    0.0385
87.541667 87.583333    0.2618    0.1358    0.0337    0.0175
87.583333 87.625000    0.2395    0.2659    0.0308    0.0342
87.625000 87.666667    0.1696    1.9402    0.0218    0.2497
87.666667 87.708333    0.4236    0.4663    0.0545    0.0600
87.708333 87.750000    0.3925    2.1176    0.0505    0.2725
87.750000 87.791667  999.9999  999.9999  999.9999  999.9999
87.791667 87.833333  999.9999  999.9999  999.9999  999.9999
87.833333 87.875000    0.2279    1.5661    0.0293    0.2016
87.875000 87.916667    0.3670    0.3812    0.0472    0.0491
87.916667 87.958333  999.9999  999.9999  999.9999  999.9999
87.958333 88.000000    0.3294    0.9794    0.0424    0.1260
88.000000 88.041667    0.3541    0.2843    0.0456    0.0366
88.041667 88.083333    0.3915    0.3521    0.0504    0.0453
88.083333 88.125000    0.4493    0.3021    0.0578    0.0389
88.125000 88.166667    0.4995    0.2727    0.0643    0.0351
88.166667 88.208333    0.4704    0.2306    0.0605    0.0297
88.208333 88.250000    0.5293    0.2736    0.0681    0.0352
88.250000 88.291667    0.5212    0.2839    0.0671    0.0365
88.291667 88.333333    0.3774    0.1857    0.0486    0.0239
88.333333 88.375000  999.9999  999.9999  999.9999  999.9999
88.375000 88.416667    0.4784    0.2464    0.0616    0.0317
88.416667 88.458333    0.2925    0.1365    0.0376    0.0176
88.458333 88.500000    0.1959    0.1734    0.0252    0.0223
88.500000 88.541667    0.1844    0.1685    0.0237    0.0217
88.541667 88.583333    0.1241    0.0579    0.0160    0.0074
88.583333 88.625000    0.1339    0.1358    0.0172    0.0175
88.625000 88.666667    0.1310    0.1942    0.0169    0.0250
88.666667 88.708333    0.0007    2.0821    0.0001    0.2680
88.708333 88.750000    0.3508    0.5532    0.0452    0.0712
88.750000 88.791667    0.1652    0.2683    0.0213    0.0345
88.791667 88.833333    0.2377    0.1193    0.0306    0.0154
88.833333 88.875000    0.3073    0.4601    0.0395    0.0592
