tests/testdata/PMF_Absorption/MaceHead_absorption_20171201_3mo_PMF_lev3.nas
25, 1001
Martin, Damien
IE04L, "National University of Ireland, Galway", NUIG, School of Physics, University Road, , , Galway, Ireland
EIMPS Winter campaign (20171201 - 20180301), Aethalometer data (hourly), PMF applied
EMEP CAMPAIGN COLOSSAL
1 1
2017 12 01 2018 03 01
0.041667
days from file reference point
5
1 1 1 1 1
999.999999 999.9999 999.9999 999.9999 999.9999
end_time of measurement, days from the file reference point
Babs_bb, 1/Mm 
Babs_ff, 1/Mm 
eBC_bb, ug/m3 
eBC_ff, ug/m3 
Startdate: 20171201000000
Station name: MaceHead
Station latitude:  53.326 
Station longitude:  -9.899 
Station altitude: 5.0m 
MAC_880nm: 7.77
Comment: Conversion factor (MAC_880nm) for Babs to eBC [ug/m3] using colocated EC where available. Should not necessarily be interpreted as "true MAC". Where no colocated EC data was available we have used instrument MAC vales (7.77 for AE33 16.6 for AE31)
starttime  endtime    Babs_bb   Babs_ff    eBC_bb    eBC_ff
[from data line 801]
33.375000 33.416667  999.9999  999.9999  999.9999  999.9999
33.416667 33.458333  999.9999  999.9999  999.9999  999.9999
33.458333 33.500000  999.9999  999.9999  999.9999  999.9999
33.500000 33.541667  999.9999  999.9999  999.9999  999.9999
33.541667 33.583333  999.9999  999.9999  999.9999  999.9999
33.583333 33.625000  999.9999  999.9999  999.9999  999.9999
33.625000 33.666667  999.9999  999.9999  999.9999  999.9999
33.666667 33.708333  999.9999  999.9999  999.9999  999.9999
33.708333 33.750000  999.9999  999.9999  999.9999  999.9999
33.750000 33.791667  999.9999  999.9999  999.9999  999.9999
33.791667 33.833333  999.9999  999.9999  999.9999  999.9999
33.833333 33.875000  999.9999  999.9999  999.9999  999.9999
33.875000 33.916667  999.9999  999.9999  999.9999  999.9999
33.916667 33.958333  999.9999  999.9999  999.9999  999.9999
33.958333 34.000000  999.9999  999.9999  999.9999  999.9999
34.000000 34.041667  999.9999  999.9999  999.9999  999.9999
34.041667 34.083333  999.9999  999.9999  999.9999  999.9999
34.083333 34.125000  999.9999  999.9999  999.9999  999.9999
34.125000 34.166667    0.1736    0.0378    0.0223    0.0049
34.166667 34.208333    0.0998    0.0203    0.0128    0.0026
34.208333 34.250000  999.9999  999.9999  999.9999  999.9999
34.250000 34.291667    0.0452    0.0004    0.0058    0.0000
34.291667 34.333333  999.9999  999.9999  999.9999  999.9999
34.333333 34.375000    0.0388    0.0024    0.0050    0.0003
34.375000 34.416667  999.9999  999.9999  999.9999  999.9999
34.416667 34.458333  999.9999  999.9999  999.9999  999.9999
34.458333 34.500000  999.9999  999.9999  999.9999  999.9999
34.500000 34.541667  999.9999  999.9999  999.9999  999.9999
34.541667 34.583333    0.0183    0.0005    0.0024    0.0001
34.583333 34.625000  999.9999  999.9999  999.9999  999.9999
34.625000 34.666667  999.9999  999.9999  999.9999  999.9999
34.666667 34.708333  999.9999  999.9999  999.9999  999.9999
34.708333 34.750000  999.9999  999.9999  999.9999  999.9999
34.750000 34.791667  999.9999  999.9999  999.9999  999.9999
34.791667 34.833333  999.9999  999.9999  999.9999  999.9999
34.833333 34.875000    0.0242    0.0012    0.0031    0.0002
34.875000 34.916667  999.9999  999.9999  999.9999  999.9999
34.916667 34.958333  999.9999  999.9999  999.9999  999.9999
34.958333 35.000000  999.9999  999.9999  999.9999  999.9999
35.000000 35.041667    0.0269    0.0027    0.0035    0.0003
35.041667 35.083333    0.0353    0.0055    0.0045    0.0007
35.083333 35.125000  999.9999  999.9999  999.9999  999.9999
35.125000 35.166667    0.0374    0.0007    0.0048    0.0001
35.166667 35.208333  999.9999  999.9999  999.9999  999.9999
35.208333 35.250000  999.9999  999.9999  999.9999  999.9999
35.250000 35.291667  999.9999  999.9999  999.9999  999.9999
35.291667 35.333333  999.9999  999.9999  999.9999  999.9999
35.333333 35.375000  999.9999  999.9999  999.9999  999.9999
35.375000 35.416667  999.9999  999.9999  999.9999  999.9999
35.416667 35.458333  999.9999  999.9999  999.9999  999.9999
35.458333 35.500000  999.9999  999.9999  999.9999  999.9999
35.500000 35.541667  999.9999  999.9999  999.9999  999.9999
35.541667 35.583333  999.9999  999.9999  999.9999  999.9999
35.583333 35.625000  999.9999  999.9999  999.9999  999.9999
35.625000 35.666667  999.9999  999.9999  999.9999  999.9999
35.666667 35.708333    0.3573    0.0719    0.0460    0.0093
35.708333 35.750000    0.3968    0.0587    0.0511    0.0076
35.750000 35.791667    0.2093    0.0361    0.0269    0.0046
35.791667 35.833333    0.5735    0.1945    0.0738    0.0250
35.833333 35.875000  999.9999  999.9999  999.9999  999.9999
35.875000 35.916667    0.2896    0.1716    0.0373    0.0221
35.916667 35.958333    0.2448    0.1702    0.0315    0.0219
35.958333 36.000000    0.1501    0.1794    0.0193    0.0231
36.000000 36.041667    0.0696    0.0186    0.0090    0.0024
36.041667 36.083333    0.1853    0.1005    0.0238    0.0129
36.083333 36.125000    0.7848    0.4899    0.1010    0.0630
36.125000 36.166667    0.6016    0.3168    0.0774    0.0408
36.166667 36.208333    0.6332    0.2836    0.0815    0.0365
36.208333 36.250000    0.7619    0.3060    0.0981    0.0394
36.250000 36.291667    0.4102    0.1280    0.0528    0.0165
36.291667 36.333333    0.1996    0.0506    0.0257    0.0065
36.333333 36.375000    0.1871    0.0392    0.0241    0.0051
36.375000 36.416667    0.1739    0.0354    0.0224    0.0046
36.416667 36.458333    0.1861    0.0385    0.0240    0.0050
36.458333 36.500000    0.4454    0.1192    0.0573    0.0153
36.500000 36.541667    0.1662    0.0723    0.0214    0.0093
36.541667 36.583333    0.2213    0.0354    0.0285    0.0046
36.583333 36.625000    0.1747    0.0545    0.0225    0.0070
36.625000 36.666667    0.1678    0.0535    0.0216    0.0069
36.666667 36.708333    0.2199    0.0605    0.0283    0.0078
36.708333 36.750000    0.2132    0.0599    0.0274    0.0077
36.750000 36.791667    0.1743    0.0667    0.0224    0.0086
36.791667 36.833333    0.3181    0.1127    0.0409    0.0145
36.833333 36.875000  999.9999  999.9999  999.9999  999.9999
36.875000 36.916667    0.2839    0.1752    0.0365    0.0226
36.916667 36.958333    0.3511    0.1452    0.0452    0.0187
36.958333 37.000000    0.3803    0.1484    0.0489    0.0191
37.000000 37.041667    0.3796    0.1517    0.0489    0.0195
37.041667 37.083333    0.4025    0.1634    0.0518    0.0210
37.083333 37.125000    0.3819    0.1414    0.0491    0.0182
37.125000 37.166667    0.4754    0.1416    0.0612    0.0182
37.166667 37.208333    0.5685    0.1581    0.0732    0.0203
37.208333 37.250000    0.5156    0.1408    0.0664    0.0181
37.250000 37.291667    0.4967    0.1405    0.0639    0.0181
37.291667 37.333333    0.4422    0.1274    0.0569    0.0164
37.333333 37.375000    0.4229    0.1338    0.0544    0.0172
37.375000 37.416667    0.4401    0.1439    0.0566    0.0185
37.416667 37.458333    0.7862    0.1300    0.1012    0.0167
37.458333 37.500000    1.0736    0.1648    0.1382    0.0212
37.500000 37.541667  999.9999  999.9999  999.9999  999.9999
37.541667 37.583333    0.3922    0.1508    0.0505    0.0194
37.583333 37.625000    0.3811    0.1860    0.0491    0.0239
37.625000 37.666667    0.4631    0.2084    0.0596    0.0268
37.666667 37.708333    0.4356    0.1917    0.0561    0.0247
37.708333 37.750000    0.7148    0.2542    0.0920    0.0327
37.750000 37.791667    0.5518    0.2418    0.0710    0.0311
37.791667 37.833333    0.9577    0.3197    0.1233    0.0411
37.833333 37.875000    0.5580    0.2924    0.0718    0.0376
37.875000 37.916667    0.7843    0.3795    0.1009    0.0488
37.916667 37.958333    0.5425    0.3863    0.0698    0.0497
37.958333 38.000000  999.9999  999.9999  999.9999  999.9999
38.000000 38.041667    0.5441    0.4520    0.0700    0.0582
38.041667 38.083333    0.5042    0.3720    0.0649    0.0479
38.083333 38.125000    0.5235    0.3666    0.0674    0.0472
38.125000 38.166667    0.5716    0.3761    0.0736    0.0484
38.166667 38.208333    0.5148    0.3104    0.0663    0.0399
38.208333 38.250000    0.4341    0.2271    0.0559    0.0292
38.250000 38.291667    0.4724    0.1326    0.0608    0.0171
38.291667 38.333333    0.4567    0.1322    0.0588    0.0170
38.333333 38.375000    0.4466    0.1296    0.0575    0.0167
38.375000 38.416667    0.5357    0.1218    0.0689    0.0157
38.416667 38.458333  999.9999  999.9999  999.9999  999.9999
38.458333 38.500000    0.4488    0.2425    0.0578    0.0312
38.500000 38.541667    0.4227    0.2033    0.0544    0.0262
38.541667 38.583333    8.3803    0.0079    1.0785    0.0010
38.583333 38.625000    0.8312    0.1915    0.1070    0.0247
38.625000 38.666667    0.6764    0.2803    0.0871    0.0361
38.666667 38.708333    0.6062    0.2208    0.0780    0.0284
38.708333 38.750000    0.7287    0.2310    0.0938    0.0297
38.750000 38.791667    0.6481    0.3042    0.0834    0.0392
38.791667 38.833333    0.7872    0.3465    0.1013    0.0446
38.833333 38.875000    0.7101    0.2360    0.0914    0.0304
38.875000 38.916667    0.5405    0.1371    0.0696    0.0176
38.916667 38.958333    0.3921    0.0884    0.0505    0.0114
38.958333 39.000000    0.3727    0.0833    0.0480    0.0107
39.000000 39.041667    0.3008    0.0610    0.0387    0.0079
39.041667 39.083333    0.2407    0.0551    0.0310    0.0071
39.083333 39.125000    0.2222    0.0514    0.0286    0.0066
39.125000 39.166667    0.2059    0.0464    0.0265    0.0060
39.166667 39.208333    0.2486    0.0395    0.0320    0.0051
39.208333 39.250000    0.2980    0.0412    0.0384    0.0053
39.250000 39.291667    0.3065    0.0416    0.0394    0.0054
39.291667 39.333333    0.4064    0.0490    0.0523    0.0063
39.333333 39.375000    0.4431    0.0469    0.0570    0.0060
39.375000 39.416667    0.4098    0.0443    0.0527    0.0057
39.416667 39.458333    0.3490    0.0407    0.0449    0.0052
39.458333 39.500000    0.3643    0.0485    0.0469    0.0062
39.500000 39.541667    0.3963    0.0464    0.0510    0.0060
39.541667 39.583333    0.3220    0.0437    0.0414    0.0056
39.583333 39.625000  999.9999  999.9999  999.9999  999.9999
39.625000 39.666667  999.9999  999.9999  999.9999  999.9999
39.666667 39.708333  999.9999  999.9999  999.9999  999.9999
39.708333 39.750000  999.9999  999.9999  999.9999  999.9999
39.750000 39.791667  999.9999  999.9999  999.9999  999.9999
39.791667 39.833333  999.9999  999.9999  999.9999  999.9999
39.833333 39.875000  999.9999  999.9999  999.9999  999.9999
39.875000 39.916667  999.9999  999.9999  999.9999  999.9999
39.916667 39.958333  999.9999  999.9999  999.9999  999.9999
39.958333 40.000000  999.9999  999.9999  999.9999  999.9999
40.000000 40.041667    0.1689    0.0159    0.0217    0.0020
40.041667 40.083333  999.9999  999.9999  999.9999  999.9999
40.083333 40.125000  999.9999  999.9999  999.9999  999.9999
40.125000 40.166667    0.0134    0.0036    0.0017    0.0005
40.166667 40.208333    0.0068    0.0029    0.0009    0.0004
40.208333 40.250000  999.9999  999.9999  999.9999  999.9999
40.250000 40.291667  999.9999    0.0027  999.9999    0.0003
40.291667 40.333333  999.9999  999.9999  999.9999  999.9999
40.333333 40.375000    0.0532    0.0087    0.0068    0.0011
40.375000 40.416667    0.1481    0.0339    0.0191    0.0044
40.416667 40.458333  999.9999  999.9999  999.9999  999.9999
40.458333 40.500000    0.1388    0.0273    0.0179    0.0035
40.500000 40.541667  999.9999  999.9999  999.9999  999.9999
40.541667 40.583333    0.3067    0.1123    0.0395    0.0145
40.583333 40.625000    0.1917    0.0774    0.0247    0.0100
40.625000 40.666667    0.2076    0.0656    0.0267    0.0084
40.666667 40.708333    0.4020    0.1517    0.0517    0.0195
40.708333 40.750000    0.4393    0.2135    0.0565    0.0275
40.750000 40.791667    0.4399    0.2178    0.0566    0.0280
40.791667 40.833333    0.4296    0.1376    0.0553    0.0177
40.833333 40.875000    0.2984    0.0761    0.0384    0.0098
40.875000 40.916667    0.1929    0.0607    0.0248    0.0078
40.916667 40.958333    0.1978    0.0568    0.0255    0.0073
40.958333 41.000000    0.1800    0.0388    0.0232    0.0050
41.000000 41.041667    0.0873    0.0163    0.0112    0.0021
41.041667 41.083333    0.0433    0.0072    0.0056    0.0009
41.083333 41.125000  999.9999  999.9999  999.9999  999.9999
41.125000 41.166667    0.0677    0.0042    0.0087    0.0005
41.166667 41.208333    0.0903    0.0086    0.0116    0.0011
41.208333 41.250000    0.0989    0.0125    0.0127    0.0016
41.250000 41.291667    0.0635    0.0144    0.0082    0.0019
41.291667 41.333333    0.0975    0.0118    0.0126    0.0015
41.333333 41.375000    0.0869    0.0115    0.0112    0.0015
41.375000 41.416667    0.3137    0.0356    0.0404    0.0046
41.416667 41.458333    0.5422    0.1048    0.0698    0.0135
41.458333 41.500000    0.4043    0.0981    0.0520    0.0126
41.500000 41.541667    0.6151    0.1333    0.0792    0.0172
41.541667 41.583333    0.7500    0.1534    0.0965    0.0197
41.583333 41.625000    0.7392    0.0943    0.0951    0.0121
41.625000 41.666667    0.7259    0.0848    0.0934    0.0109
41.666667 41.708333    0.5499    0.1327    0.0708    0.0171
41.708333 41.750000    0.5450    0.1307    0.0701    0.0168
41.750000 41.791667  999.9999  999.9999  999.9999  999.9999
41.791667 41.833333    0.9628    0.3019    0.1239    0.0389
41.833333 41.875000    0.8850    0.1639    0.1139    0.0211
41.875000 41.916667    0.8466    0.1594    0.1090    0.0205
41.916667 41.958333    0.8198    0.1800    0.1055    0.0232
41.958333 42.000000    1.0173    0.2239    0.1309    0.0288
42.000000 42.041667    1.1740    0.2912    0.1511    0.0375
42.041667 42.083333    0.9470    0.2210    0.1219    0.0284
42.083333 42.125000    0.6432    0.1375    0.0828    0.0177
42.125000 42.166667    0.3168    0.1012    0.0408    0.0130
42.166667 42.208333    0.2013    0.0593    0.0259    0.0076
42.208333 42.250000    0.1594    0.0221    0.0205    0.0028
42.250000 42.291667    0.1268    0.0192    0.0163    0.0025
42.291667 42.333333    0.1219    0.0166    0.0157    0.0021
42.333333 42.375000    0.1296    0.0115    0.0167    0.0015
42.375000 42.416667    0.1303    0.0117    0.0168    0.0015
42.416667 42.458333    0.1534    0.0142    0.0197    0.0018
42.458333 42.500000    0.1782    0.0174    0.0229    0.0022
42.500000 42.541667    0.1971    0.0173    0.0254    0.0022
42.541667 42.583333    0.2039    0.0207    0.0262    0.0027
42.583333 42.625000    0.2321    0.0239    0.0299    0.0031
42.625000 42.666667    0.1836    0.0270    0.0236    0.0035
42.666667 42.708333    0.1587    0.0228    0.0204    0.0029
42.708333 42.750000    0.1372    0.0184    0.0177    0.0024
42.750000 42.791667    0.2078    0.0313    0.0267    0.0040
42.791667 42.833333    0.2403    0.0494    0.0309    0.0064
42.833333 42.875000    0.2183    0.0413    0.0281    0.0053
42.875000 42.916667    0.2188    0.0470    0.0282    0.0061
42.916667 42.958333    0.1834    0.0391    0.0236    0.0050
42.958333 43.000000    0.1365    0.0286    0.0176    0.0037
43.000000 43.041667    0.1013    0.0187    0.0130    0.0024
43.041667 43.083333    0.1231    0.0124    0.0158    0.0016
43.083333 43.125000    0.1052    0.0071    0.0135    0.0009
43.125000 43.166667    0.0626    0.0022    0.0081    0.0003
43.166667 43.208333  999.9999  999.9999  999.9999  999.9999
43.208333 43.250000  999.9999  999.9999  999.9999  999.9999
43.250000 43.291667  999.9999  999.9999  999.9999  999.9999
43.291667 43.333333  999.9999  999.9999  999.9999  999.9999
43.333333 43.375000  999.9999  999.9999  999.9999  999.9999
43.375000 43.416667  999.9999  999.9999  999.9999  999.9999
43.416667 43.458333    0.0958    0.0227    0.0123    0.0029
43.458333 43.500000    0.2216    0.0255    0.0285    0.0033
43.500000 43.541667    0.1232    0.0121    0.0159    0.0016
43.541667 43.583333    0.1934    0.0166    0.0249    0.0021
43.583333 43.625000    0.3603    0.0157    0.0464    0.0020
43.625000 43.666667    0.1911    0.0140    0.0246    0.0018
43.666667 43.708333    0.2316    0.0188    0.0298    0.0024
43.708333 43.750000    0.2639    0.0224    0.0340    0.0029
43.750000 43.791667    0.2621    0.0263    0.0337    0.0034
43.791667 43.833333  999.9999  999.9999  999.9999  999.9999
43.833333 43.875000    0.7859    0.1851    0.1012    0.0238
43.875000 43.916667    0.9618    0.3884    0.1238    0.0500
43.916667 43.958333  999.9999  999.9999  999.9999  999.9999
43.958333 44.000000    0.7424    0.4588    0.0955    0.0590
44.000000 44.041667    0.5884    0.1419    0.0757    0.0183
44.041667 44.083333    0.6369    0.2032    0.0820    0.0262
44.083333 44.125000    0.7269    0.2197    0.0936    0.0283
44.125000 44.166667    0.7601    0.1959    0.0978    0.0252
44.166667 44.208333    0.2198    0.0119    0.0283    0.0015
44.208333 44.250000  999.9999  999.9999  999.9999  999.9999
44.250000 44.291667  999.9999  999.9999  999.9999  999.9999
44.291667 44.333333  999.9999  999.9999  999.9999  999.9999
44.333333 44.375000  999.9999  999.9999  999.9999  999.9999
44.375000 44.416667  999.9999  999.9999  999.9999  999.9999
