tests/testdata/PMF_Absorption/Melpitz_absorption_20171201_3mo_PMF_lev3.nas
25, 1001
Mueller, Thomas; Tuch, Thomas
DE08L, Leibniz Institute for Tropospheric Research, TROPOS,, Permoserstrasse 15,, 04318, Leipzig, Germany
EIMPS Winter campaign (20171201 - 20180301), Aethalometer data (hourly), PMF applied
EMEP CAMPAIGN COLOSSAL
1 1
2017 12 01 2018 03 01
0.041667
days from file reference point
5
1 1 1 1 1
999.999999 999.9999 999.9999 999.9999 999.9999
end_time of measurement, days from the file reference point
Babs_bb, 1/Mm 
Babs_ff, 1/Mm 
eBC_bb, ug/m3 
eBC_ff, ug/m3 
Startdate: 20171201000000
Station name: Melpitz
Station latitude:  51.526 
Station longitude:  12.928 
Station altitude: 86.0m 
MAC_880nm: 13.5459
Comment: Conversion factor (MAC_880nm) for Babs to eBC [ug/m3] using colocated EC where available. Should not necessarily be interpreted as "true MAC". Where no colocated EC data was available we have used instrument MAC vales (7.77 for AE33 16.6 for AE31)
starttime  endtime    Babs_bb   Babs_ff    eBC_bb    eBC_ff
[from data line 1067]
44.458333 44.500000    3.2687    8.3748    0.2413    0.6183
44.500000 44.541667    3.1349    8.0452    0.2314    0.5939
44.541667 44.583333    3.0293    7.3689    0.2236    0.5440
44.583333 44.625000    2.9699    6.8585    0.2193    0.5063
44.625000 44.666667    3.0611    7.0133    0.2260    0.5177
44.666667 44.708333    3.5776    8.6585    0.2641    0.6392
44.708333 44.750000    2.7037    8.6109    0.1996    0.6357
44.750000 44.791667    2.3893    9.1002    0.1764    0.6718
44.791667 44.833333    4.6155    4.8777    0.3407    0.3601
44.833333 44.875000    5.3617    7.2221    0.3958    0.5332
44.875000 44.916667    7.5579    6.1855    0.5579    0.4566
44.916667 44.958333    8.3130    6.1031    0.6137    0.4506
44.958333 45.000000    8.1682    6.9635    0.6030    0.5141
45.000000 45.041667    7.1284    8.5309    0.5262    0.6298
45.041667 45.083333    5.2851   10.4387    0.3902    0.7706
45.083333 45.125000    3.2106   11.9556    0.2370    0.8826
45.125000 45.166667    4.5131    4.4448    0.3332    0.3281
45.166667 45.208333    4.1415    6.1917    0.3057    0.4571
45.208333 45.250000    2.3858    2.4470    0.1761    0.1806
45.250000 45.291667    2.4546    1.8473    0.1812    0.1364
45.291667 45.333333    2.8776    2.0943    0.2124    0.1546
45.333333 45.375000    2.7989    2.1455    0.2066    0.1584
45.375000 45.416667    3.0485    2.0340    0.2251    0.1502
45.416667 45.458333    2.8636    1.8715    0.2114    0.1382
45.458333 45.500000    2.5550    1.5629    0.1886    0.1154
45.500000 45.541667    2.4509    1.5630    0.1809    0.1154
45.541667 45.583333    2.6508    1.8578    0.1957    0.1371
45.583333 45.625000    2.5948    2.2231    0.1916    0.1641
45.625000 45.666667    2.5219    2.5142    0.1862    0.1856
45.666667 45.708333    2.5336    3.3047    0.1870    0.2440
45.708333 45.750000    2.2522    4.1627    0.1663    0.3073
45.750000 45.791667    1.8359    4.4307    0.1355    0.3271
45.791667 45.833333    1.4089    4.9024    0.1040    0.3619
45.833333 45.875000    1.3706    5.1516    0.1012    0.3803
45.875000 45.916667  999.9999  999.9999  999.9999  999.9999
45.916667 45.958333  999.9999  999.9999  999.9999  999.9999
45.958333 46.000000    1.9154    3.2384    0.1414    0.2391
46.000000 46.041667    1.6353    3.2209    0.1207    0.2378
46.041667 46.083333    1.5661    2.1155    0.1156    0.1562
46.083333 46.125000    1.3038    1.4079    0.0963    0.1039
46.125000 46.166667    0.7304    0.2464    0.0539    0.0182
46.166667 46.208333    0.6448    0.1225    0.0476    0.0090
46.208333 46.250000    0.5957    0.1173    0.0440    0.0087
46.250000 46.291667    0.7952    0.1116    0.0587    0.0082
46.291667 46.333333    0.9552    0.2882    0.0705    0.0213
46.333333 46.375000    1.1159    0.3549    0.0824    0.0262
46.375000 46.416667    1.1267    0.2438    0.0832    0.0180
46.416667 46.458333    0.9427    0.2495    0.0696    0.0184
46.458333 46.500000    1.0296    0.2599    0.0760    0.0192
46.500000 46.541667    0.9530    0.2075    0.0704    0.0153
46.541667 46.583333    0.9382    0.2127    0.0693    0.0157
46.583333 46.625000    0.8322    0.1450    0.0614    0.0107
46.625000 46.666667    1.2107    0.2420    0.0894    0.0179
46.666667 46.708333    0.9654    0.0725    0.0713    0.0053
46.708333 46.750000    1.9953    0.4371    0.1473    0.0323
46.750000 46.791667    1.7847    0.9520    0.1317    0.0703
46.791667 46.833333    1.8923    1.3809    0.1397    0.1019
46.833333 46.875000    2.0079    1.1719    0.1482    0.0865
46.875000 46.916667    1.4560    1.1934    0.1075    0.0881
46.916667 46.958333    1.3028    1.0337    0.0962    0.0763
46.958333 47.000000    1.0662    0.8140    0.0787    0.0601
47.000000 47.041667    1.1406    0.6906    0.0842    0.0510
47.041667 47.083333    1.0200    0.5732    0.0753    0.0423
47.083333 47.125000    1.0691    0.4873    0.0789    0.0360
47.125000 47.166667    1.1119    0.4162    0.0821    0.0307
47.166667 47.208333    1.0396    0.4632    0.0767    0.0342
47.208333 47.250000    1.0048    0.3219    0.0742    0.0238
47.250000 47.291667    1.0268    0.4890    0.0758    0.0361
47.291667 47.333333    1.2574    0.3253    0.0928    0.0240
47.333333 47.375000    1.6530    0.6648    0.1220    0.0491
47.375000 47.416667    1.2705    0.1480    0.0938    0.0109
47.416667 47.458333    1.0664    0.2355    0.0787    0.0174
47.458333 47.500000    1.0109    0.2449    0.0746    0.0181
47.500000 47.541667    1.0027    0.4040    0.0740    0.0298
47.541667 47.583333    1.4758    0.6896    0.1089    0.0509
47.583333 47.625000    1.4610    0.5355    0.1079    0.0395
47.625000 47.666667    1.6150    0.5092    0.1192    0.0376
47.666667 47.708333    1.6255    1.2783    0.1200    0.0944
47.708333 47.750000    2.4554    1.4307    0.1813    0.1056
47.750000 47.791667    1.8753    1.3003    0.1384    0.0960
47.791667 47.833333    1.2772    0.2361    0.0943    0.0174
47.833333 47.875000    1.0043    0.4610    0.0741    0.0340
47.875000 47.916667    1.0527    0.2647    0.0777    0.0195
47.916667 47.958333    0.7164    0.1630    0.0529    0.0120
47.958333 48.000000    0.8977    0.2364    0.0663    0.0175
48.000000 48.041667    0.9182    0.2930    0.0678    0.0216
48.041667 48.083333    0.9179    0.3843    0.0678    0.0284
48.083333 48.125000    1.3889    0.5988    0.1025    0.0442
48.125000 48.166667    1.4717    0.8634    0.1086    0.0637
48.166667 48.208333    1.2089    0.7754    0.0892    0.0572
48.208333 48.250000    1.0592    0.6593    0.0782    0.0487
48.250000 48.291667    0.9443    0.7158    0.0697    0.0528
48.291667 48.333333    1.5822    0.0000    0.1168    0.0000
48.333333 48.375000    0.9524    0.4091    0.0703    0.0302
48.375000 48.416667    0.8191    0.3330    0.0605    0.0246
48.416667 48.458333    0.8788    0.2214    0.0649    0.0163
48.458333 48.500000    0.7427    0.0760    0.0548    0.0056
48.500000 48.541667    0.6356    0.0386    0.0469    0.0029
48.541667 48.583333    0.7328    0.0862    0.0541    0.0064
48.583333 48.625000    1.2484    0.0762    0.0922    0.0056
48.625000 48.666667    0.6493    0.0092    0.0479    0.0007
48.666667 48.708333    0.4619    0.0618    0.0341    0.0046
48.708333 48.750000    0.5664    0.1072    0.0418    0.0079
48.750000 48.791667  999.9999  999.9999  999.9999  999.9999
48.791667 48.833333    0.2961    0.4027    0.0219    0.0297
48.833333 48.875000    0.4386    0.3660    0.0324    0.0270
48.875000 48.916667    0.5200    0.2816    0.0384    0.0208
48.916667 48.958333    0.5126    0.2068    0.0378    0.0153
48.958333 49.000000    0.5175    0.2353    0.0382    0.0174
49.000000 49.041667    0.6787    0.2738    0.0501    0.0202
49.041667 49.083333    0.8980    0.0996    0.0663    0.0074
49.083333 49.125000    0.7034    0.1540    0.0519    0.0114
49.125000 49.166667    0.7631    0.1299    0.0563    0.0096
49.166667 49.208333    1.0744    0.1299    0.0793    0.0096
49.208333 49.250000    0.9728    0.1377    0.0718    0.0102
49.250000 49.291667    0.8477    0.1061    0.0626    0.0078
49.291667 49.333333    1.7457    0.1257    0.1289    0.0093
49.333333 49.375000    3.1673    0.3331    0.2338    0.0246
49.375000 49.416667    3.8341    0.8927    0.2830    0.0659
49.416667 49.458333    3.1128    0.1064    0.2298    0.0079
49.458333 49.500000    2.7808    0.2695    0.2053    0.0199
49.500000 49.541667    1.7268    0.0246    0.1275    0.0018
49.541667 49.583333    2.1081    0.1377    0.1556    0.0102
49.583333 49.625000    3.2892    0.0738    0.2428    0.0054
49.625000 49.666667    3.5660    1.8589    0.2633    0.1372
49.666667 49.708333    2.8249    0.5397    0.2085    0.0398
49.708333 49.750000    2.8490    1.2610    0.2103    0.0931
49.750000 49.791667    3.0476    1.0611    0.2250    0.0783
49.791667 49.833333    3.4994    1.0090    0.2583    0.0745
49.833333 49.875000    2.8548    1.8323    0.2107    0.1353
49.875000 49.916667    2.7228    1.9848    0.2010    0.1465
49.916667 49.958333    2.4873    2.0406    0.1836    0.1506
49.958333 50.000000    2.1148    1.8542    0.1561    0.1369
50.000000 50.041667    1.7979    1.9189    0.1327    0.1417
50.041667 50.083333    1.4709    1.5362    0.1086    0.1134
50.083333 50.125000    1.4185    1.2215    0.1047    0.0902
50.125000 50.166667    1.4748    1.2485    0.1089    0.0922
50.166667 50.208333    1.5067    1.0962    0.1112    0.0809
50.208333 50.250000    1.6058    1.1630    0.1185    0.0859
50.250000 50.291667    1.7762    0.8801    0.1311    0.0650
50.291667 50.333333    1.8588    0.9690    0.1372    0.0715
50.333333 50.375000    1.9146    1.0692    0.1413    0.0789
50.375000 50.416667    1.8429    1.2282    0.1360    0.0907
50.416667 50.458333    2.3478    1.1255    0.1733    0.0831
50.458333 50.500000    1.9852    1.8872    0.1466    0.1393
50.500000 50.541667    1.8986    1.2104    0.1402    0.0894
50.541667 50.583333    2.1828    1.6250    0.1611    0.1200
50.583333 50.625000    2.7159    1.3235    0.2005    0.0977
50.625000 50.666667    1.6023    1.3745    0.1183    0.1015
50.666667 50.708333    2.1498    1.2652    0.1587    0.0934
50.708333 50.750000    5.3737    5.4812    0.3967    0.4046
50.750000 50.791667    5.4186    3.1605    0.4000    0.2333
50.791667 50.833333    9.2942    4.8197    0.6861    0.3558
50.833333 50.875000    3.2105    8.4358    0.2370    0.6228
50.875000 50.916667  999.9999   17.1402  999.9999    1.2653
50.916667 50.958333    1.1949   14.3198    0.0882    1.0571
50.958333 51.000000    4.3414   12.2761    0.3205    0.9063
51.000000 51.041667    0.0000   15.6311    0.0000    1.1539
51.041667 51.083333  999.9999   15.4635  999.9999    1.1416
51.083333 51.125000    0.6821   11.9626    0.0504    0.8831
51.125000 51.166667    0.7540   10.7069    0.0557    0.7904
51.166667 51.208333    0.9533    9.8461    0.0704    0.7269
51.208333 51.250000    2.8720    5.8686    0.2120    0.4332
51.250000 51.291667    3.6721    5.7157    0.2711    0.4219
51.291667 51.333333    5.1314    5.7090    0.3788    0.4215
51.333333 51.375000    5.1665    5.6722    0.3814    0.4187
51.375000 51.416667    5.6692    5.6025    0.4185    0.4136
51.416667 51.458333    5.6890    5.2630    0.4200    0.3885
51.458333 51.500000    5.6122    5.4398    0.4143    0.4016
51.500000 51.541667    4.9177    5.4516    0.3630    0.4025
51.541667 51.583333    5.0062    5.9434    0.3696    0.4388
51.583333 51.625000    4.5581    6.5364    0.3365    0.4825
51.625000 51.666667  999.9999  999.9999  999.9999  999.9999
51.666667 51.708333    8.0094    4.0018    0.5913    0.2954
51.708333 51.750000    6.6346    2.4445    0.4898    0.1805
51.750000 51.791667    6.0494    4.3806    0.4466    0.3234
51.791667 51.833333    6.7621    2.4164    0.4992    0.1784
51.833333 51.875000    6.1905    2.7740    0.4570    0.2048
51.875000 51.916667    6.3374    3.4751    0.4678    0.2565
51.916667 51.958333    5.1432    4.7123    0.3797    0.3479
51.958333 52.000000    4.2291    5.4263    0.3122    0.4006
52.000000 52.041667    4.4050    5.8872    0.3252    0.4346
52.041667 52.083333    3.6427    6.2936    0.2689    0.4646
52.083333 52.125000  999.9999  999.9999  999.9999  999.9999
52.125000 52.166667    5.7602    5.9937    0.4252    0.4425
52.166667 52.208333    4.8955    4.1870    0.3614    0.3091
52.208333 52.250000    3.2204    2.4129    0.2377    0.1781
52.250000 52.291667    2.6632    2.2416    0.1966    0.1655
52.291667 52.333333    2.4641    2.3796    0.1819    0.1757
52.333333 52.375000    2.2452    2.2762    0.1657    0.1680
52.375000 52.416667    1.9993    2.5510    0.1476    0.1883
52.416667 52.458333    2.1088    3.1564    0.1557    0.2330
52.458333 52.500000    1.8609    3.1492    0.1374    0.2325
52.500000 52.541667    1.6661    3.1769    0.1230    0.2345
52.541667 52.583333    1.7669    5.0609    0.1304    0.3736
52.583333 52.625000    1.7798    5.8157    0.1314    0.4293
52.625000 52.666667    1.7866    4.4655    0.1319    0.3297
52.666667 52.708333    2.6652    4.8385    0.1968    0.3572
52.708333 52.750000    4.5293    2.3375    0.3344    0.1726
52.750000 52.791667    4.5699    3.7398    0.3374    0.2761
52.791667 52.833333    6.7161    5.6897    0.4958    0.4200
52.833333 52.875000    7.0023    3.2748    0.5169    0.2418
52.875000 52.916667    5.9612    1.3509    0.4401    0.0997
52.916667 52.958333    4.5740    0.4677    0.3377    0.0345
52.958333 53.000000    3.8868    0.3769    0.2869    0.0278
53.000000 53.041667    3.4355    0.1170    0.2536    0.0086
53.041667 53.083333    3.1631    0.1599    0.2335    0.0118
53.083333 53.125000    3.0659    0.2399    0.2263    0.0177
53.125000 53.166667    2.9805    0.2881    0.2200    0.0213
53.166667 53.208333    2.4053    0.2782    0.1776    0.0205
53.208333 53.250000    2.0383    0.2825    0.1505    0.0209
53.250000 53.291667    2.3315    0.4529    0.1721    0.0334
53.291667 53.333333    2.8196    1.2399    0.2082    0.0915
53.333333 53.375000    3.6747    1.1436    0.2713    0.0844
53.375000 53.416667    5.2394    1.9684    0.3868    0.1453
53.416667 53.458333    3.6225    0.5648    0.2674    0.0417
53.458333 53.500000    2.9198    0.5990    0.2156    0.0442
53.500000 53.541667    3.6421    1.3102    0.2689    0.0967
53.541667 53.583333    3.2133    1.3685    0.2372    0.1010
53.583333 53.625000    2.3575    1.4207    0.1740    0.1049
53.625000 53.666667    2.6419    1.5897    0.1950    0.1174
53.666667 53.708333    2.9598    1.8514    0.2185    0.1367
53.708333 53.750000    3.6309    2.4051    0.2680    0.1776
53.750000 53.791667    3.7216    2.0876    0.2747    0.1541
53.791667 53.833333    3.7847    1.4810    0.2794    0.1093
53.833333 53.875000    3.9624    1.1796    0.2925    0.0871
53.875000 53.916667    3.5730    1.2367    0.2638    0.0913
53.916667 53.958333    3.0042    1.1044    0.2218    0.0815
53.958333 54.000000    2.7520    0.9984    0.2032    0.0737
54.000000 54.041667    2.4628    0.8537    0.1818    0.0630
54.041667 54.083333    2.1759    0.7431    0.1606    0.0549
54.083333 54.125000    1.9140    0.6713    0.1413    0.0496
54.125000 54.166667    1.8062    0.6734    0.1333    0.0497
54.166667 54.208333    1.7914    0.7684    0.1322    0.0567
54.208333 54.250000    1.8588    0.7946    0.1372    0.0587
54.250000 54.291667    1.6432    0.7763    0.1213    0.0573
54.291667 54.333333    1.6024    0.7796    0.1183    0.0576
54.333333 54.375000    1.7607    0.7819    0.1300    0.0577
54.375000 54.416667    1.4487    0.5577    0.1069    0.0412
54.416667 54.458333    1.9453    0.3702    0.1436    0.0273
54.458333 54.500000    1.5900    0.4680    0.1174    0.0345
54.500000 54.541667    1.4592    0.4899    0.1077    0.0362
54.541667 54.583333    1.2713    0.3616    0.0939    0.0267
54.583333 54.625000    1.1446    0.2847    0.0845    0.0210
54.625000 54.666667    1.4728    0.4405    0.1087    0.0325
54.666667 54.708333    2.1182    0.7621    0.1564    0.0563
54.708333 54.750000    1.7886    0.7710    0.1320    0.0569
54.750000 54.791667    2.1900    0.8803    0.1617    0.0650
54.791667 54.833333    2.4836    1.0506    0.1833    0.0776
54.833333 54.875000    2.9707    1.2505    0.2193    0.0923
54.875000 54.916667    3.3811    1.2452    0.2496    0.0919
54.916667 54.958333    3.5341    1.3755    0.2609    0.1015
54.958333 55.000000    3.1725    1.3601    0.2342    0.1004
55.000000 55.041667    2.8638    1.2590    0.2114    0.0929
55.041667 55.083333    2.5397    1.3951    0.1875    0.1030
55.083333 55.125000    2.3473    1.2602    0.1733    0.0930
55.125000 55.166667    2.0518    1.0930    0.1515    0.0807
55.166667 55.208333    2.1237    1.0548    0.1568    0.0779
55.208333 55.250000    2.1298    1.1856    0.1572    0.0875
55.250000 55.291667    2.7727    1.0656    0.2047    0.0787
55.291667 55.333333    3.0305    1.0848    0.2237    0.0801
55.333333 55.375000    2.3983    1.3619    0.1770    0.1005
55.375000 55.416667    3.1145    1.4124    0.2299    0.1043
55.416667 55.458333    2.5792    1.3893    0.1904    0.1026
55.458333 55.500000    2.6416    1.3750    0.1950    0.1015
55.500000 55.541667    2.5823    1.3200    0.1906    0.0974
