tests/testdata/PMF_Absorption/Melpitz_absorption_20171201_3mo_PMF_lev3.nas
25, 1001
Mueller, Thomas; Tuch, Thomas
DE08L, Leibniz Institute for Tropospheric Research, TROPOS,, Permoserstrasse 15,, 04318, Leipzig, Germany
EIMPS Winter campaign (20171201 - 20180301), Aethalometer data (hourly), PMF applied
EMEP CAMPAIGN COLOSSAL
1 1
2017 12 01 2018 03 01
0.041667
days from file reference point
5
1 1 1 1 1
999.999999 999.9999 999.9999 999.9999 999.9999
end_time of measurement, days from the file reference point
Babs_bb, 1/Mm 
Babs_ff, 1/Mm 
eBC_bb, ug/m3 
eBC_ff, ug/m3 
Startdate: 20171201000000
Station name: Melpitz
Station latitude:  51.526 
Station longitude:  12.928 
Station altitude: 86.0m 
MAC_880nm: 13.5459
Comment: Conversion factor (MAC_880nm) for Babs to eBC [ug/m3] using colocated EC where available. Should not necessarily be interpreted as "true MAC". Where no colocated EC data was available we have used instrument MAC vales (7.77 for AE33 16.6 for AE31)
starttime  endtime    Babs_bb   Babs_ff    eBC_bb    eBC_ff
[from data line 1601]
66.708333 66.750000    3.8403    2.0505    0.2835    0.1514
66.750000 66.791667    6.0738    4.5952    0.4484    0.3392
66.791667 66.833333    5.0156    3.8049    0.3703    0.2809
66.833333 66.875000    3.5864    3.7084    0.2648    0.2738
66.875000 66.916667    3.3779    4.8597    0.2494    0.3588
66.916667 66.958333    4.7479    4.2357    0.3505    0.3127
66.958333 67.000000    5.3742    1.6154    0.3967    0.1193
67.000000 67.041667    5.4095    1.1373    0.3993    0.0840
67.041667 67.083333    5.2605    1.0481    0.3883    0.0774
67.083333 67.125000    5.3359    0.9914    0.3939    0.0732
67.125000 67.166667    5.1252    1.2494    0.3784    0.0922
67.166667 67.208333    4.9917    1.6264    0.3685    0.1201
67.208333 67.250000    4.2396    2.7376    0.3130    0.2021
67.250000 67.291667    6.2597    3.0219    0.4621    0.2231
67.291667 67.333333    3.6673    6.4876    0.2707    0.4789
67.333333 67.375000   10.2572    5.1186    0.7572    0.3779
67.375000 67.416667    6.4545    7.7532    0.4765    0.5724
67.416667 67.458333    8.1934    5.2550    0.6049    0.3879
67.458333 67.500000    6.7844    6.1058    0.5008    0.4507
67.500000 67.541667    7.8810    4.3837    0.5818    0.3236
67.541667 67.583333    7.4354    4.0961    0.5489    0.3024
67.583333 67.625000    5.8598    4.0406    0.4326    0.2983
67.625000 67.666667    6.0279    6.5889    0.4450    0.4864
67.666667 67.708333   11.8546   10.2724    0.8751    0.7583
67.708333 67.750000    6.3866    9.7383    0.4715    0.7189
67.750000 67.791667  999.9999  999.9999  999.9999  999.9999
67.791667 67.833333    4.1844    9.8877    0.3089    0.7299
67.833333 67.875000    4.7561    9.8142    0.3511    0.7245
67.875000 67.916667    3.7386   11.7853    0.2760    0.8700
67.916667 67.958333    4.2423   11.0842    0.3132    0.8183
67.958333 68.000000    3.0748   12.8065    0.2270    0.9454
68.000000 68.041667    2.8879   17.0383    0.2132    1.2578
68.041667 68.083333    7.9319   12.8966    0.5856    0.9521
68.083333 68.125000    8.3263   12.9155    0.6147    0.9535
68.125000 68.166667    6.1476   17.0596    0.4538    1.2594
68.166667 68.208333    1.6102   21.8671    0.1189    1.6143
68.208333 68.250000    0.3142   21.9451    0.0232    1.6201
68.250000 68.291667    7.2390   12.7399    0.5344    0.9405
68.291667 68.333333    6.9985   14.7738    0.5167    1.0906
68.333333 68.375000    1.7591   20.8225    0.1299    1.5372
68.375000 68.416667    3.2097   18.5451    0.2370    1.3691
68.416667 68.458333    9.3100    7.0174    0.6873    0.5180
68.458333 68.500000    6.8916    9.1617    0.5088    0.6763
68.500000 68.541667    8.3618    8.3980    0.6173    0.6200
68.541667 68.583333    8.4847    9.2523    0.6264    0.6830
68.583333 68.625000    7.4702   10.6112    0.5515    0.7834
68.625000 68.666667    6.6014   11.1155    0.4873    0.8206
68.666667 68.708333    6.4857   12.0329    0.4788    0.8883
68.708333 68.750000   11.0541    6.3878    0.8160    0.4716
68.750000 68.791667   12.4390    6.2662    0.9183    0.4626
68.791667 68.833333   12.9404   10.3846    0.9553    0.7666
68.833333 68.875000   10.4937   12.9723    0.7747    0.9577
68.875000 68.916667    9.7085   14.6562    0.7167    1.0820
68.916667 68.958333   12.9425   14.0568    0.9555    1.0377
68.958333 69.000000   11.7714   13.8662    0.8690    1.0236
69.000000 69.041667    8.7856   18.8512    0.6486    1.3917
69.041667 69.083333    7.3724   19.4644    0.5443    1.4369
69.083333 69.125000   10.6444   14.2628    0.7858    1.0529
69.125000 69.166667   10.4776   14.8986    0.7735    1.0999
69.166667 69.208333    9.7354   16.2910    0.7187    1.2027
69.208333 69.250000    8.4046   18.4810    0.6205    1.3643
69.250000 69.291667   13.7142   15.8198    1.0124    1.1679
69.291667 69.333333   10.6515   21.9831    0.7863    1.6229
69.333333 69.375000    8.0605   27.0592    0.5951    1.9976
69.375000 69.416667   22.0937   12.6878    1.6310    0.9367
69.416667 69.458333   17.2707   22.0067    1.2750    1.6246
69.458333 69.500000   14.5448   26.9772    1.0737    1.9915
69.500000 69.541667   27.2906    8.2361    2.0147    0.6080
69.541667 69.583333   23.7783   16.3055    1.7554    1.2037
69.583333 69.625000   18.1239   20.7209    1.3380    1.5297
69.625000 69.666667   10.2086   26.3391    0.7536    1.9444
69.666667 69.708333   18.0395   12.7175    1.3317    0.9388
69.708333 69.750000   13.1749   18.6763    0.9726    1.3787
69.750000 69.791667    0.0000   33.3055    0.0000    2.4587
69.791667 69.833333   16.5476   12.0175    1.2216    0.8872
69.833333 69.875000    9.7160   22.9347    0.7173    1.6931
69.875000 69.916667   10.2874   21.1896    0.7594    1.5643
69.916667 69.958333    7.9306   25.1198    0.5855    1.8544
69.958333 70.000000   16.7670   10.5547    1.2378    0.7792
70.000000 70.041667   15.2601    8.3549    1.1265    0.6168
70.041667 70.083333   12.3391    6.6996    0.9109    0.4946
70.083333 70.125000    9.6561    5.6532    0.7128    0.4173
70.125000 70.166667    7.9046    6.9457    0.5835    0.5128
70.166667 70.208333    7.0674    7.7984    0.5217    0.5757
70.208333 70.250000   11.3930    2.5492    0.8411    0.1882
70.250000 70.291667   11.3616    2.9511    0.8387    0.2179
70.291667 70.333333   13.1536    2.0497    0.9710    0.1513
70.333333 70.375000   12.6242    5.9873    0.9320    0.4420
70.375000 70.416667   14.0103    9.4943    1.0343    0.7009
70.416667 70.458333   14.9157    8.3076    1.1011    0.6133
70.458333 70.500000   13.3944    7.7374    0.9888    0.5712
70.500000 70.541667   14.6177    1.7713    1.0791    0.1308
70.541667 70.583333   14.7412    2.2260    1.0882    0.1643
70.583333 70.625000   14.6609    1.5889    1.0823    0.1173
70.625000 70.666667   14.2253    1.8489    1.0502    0.1365
70.666667 70.708333   12.3987    3.8751    0.9153    0.2861
70.708333 70.750000   12.6826    3.6256    0.9363    0.2677
70.750000 70.791667   13.0208    4.6627    0.9612    0.3442
70.791667 70.833333   12.3045    5.9016    0.9084    0.4357
70.833333 70.875000   13.9887    4.1000    1.0327    0.3027
70.875000 70.916667   15.0702    3.5196    1.1125    0.2598
70.916667 70.958333   14.3566    4.5453    1.0598    0.3355
70.958333 71.000000   12.2736    6.4848    0.9061    0.4787
71.000000 71.041667   10.1482    8.1042    0.7492    0.5983
71.041667 71.083333    8.9891    9.2685    0.6636    0.6842
71.083333 71.125000    8.3522    9.2093    0.6166    0.6799
71.125000 71.166667   12.8866    5.0800    0.9513    0.3750
71.166667 71.208333   13.1321    3.8273    0.9695    0.2825
71.208333 71.250000   10.4821    2.4726    0.7738    0.1825
71.250000 71.291667    8.7645    1.2245    0.6470    0.0904
71.291667 71.333333    8.0446    0.8171    0.5939    0.0603
71.333333 71.375000    9.1327    1.2445    0.6742    0.0919
71.375000 71.416667    9.0266    1.6103    0.6664    0.1189
71.416667 71.458333    9.3435    1.9900    0.6898    0.1469
71.458333 71.500000    9.4309    1.6940    0.6962    0.1251
71.500000 71.541667    9.0983    1.1838    0.6717    0.0874
71.541667 71.583333    7.7025    1.0755    0.5686    0.0794
71.583333 71.625000    7.9910    0.0007    0.5899    0.0001
71.625000 71.666667    8.4525    0.0000    0.6240    0.0000
71.666667 71.708333    9.1594    0.2650    0.6762    0.0196
71.708333 71.750000   10.2788    0.1467    0.7588    0.0108
71.750000 71.791667   10.2959    1.1112    0.7601    0.0820
71.791667 71.833333   10.4205    3.8270    0.7693    0.2825
71.833333 71.875000    9.1220    5.8664    0.6734    0.4331
71.875000 71.916667    7.6592    5.8275    0.5654    0.4302
71.916667 71.958333    6.2629    6.9149    0.4623    0.5105
71.958333 72.000000    6.4339    5.6147    0.4750    0.4145
72.000000 72.041667    7.0198    3.7075    0.5182    0.2737
72.041667 72.083333    6.5398    3.6744    0.4828    0.2713
72.083333 72.125000    5.9235    2.7993    0.4373    0.2067
72.125000 72.166667    3.5455    1.7752    0.2617    0.1310
72.166667 72.208333    2.9045    1.3700    0.2144    0.1011
72.208333 72.250000    2.4107    1.0009    0.1780    0.0739
72.250000 72.291667    2.0575    0.9171    0.1519    0.0677
72.291667 72.333333    2.0536    0.6414    0.1516    0.0474
72.333333 72.375000    1.9563    0.7198    0.1444    0.0531
72.375000 72.416667    1.7349    0.9465    0.1281    0.0699
72.416667 72.458333    1.4592    0.9281    0.1077    0.0685
72.458333 72.500000    1.3014    1.0845    0.0961    0.0801
72.500000 72.541667    1.4468    1.2716    0.1068    0.0939
72.541667 72.583333    1.5531    1.3350    0.1147    0.0986
72.583333 72.625000    1.5050    1.1912    0.1111    0.0879
72.625000 72.666667    2.0181    1.7193    0.1490    0.1269
72.666667 72.708333    1.8784    1.4978    0.1387    0.1106
72.708333 72.750000    1.7835    1.8496    0.1317    0.1365
72.750000 72.791667    3.3216    1.9026    0.2452    0.1405
72.791667 72.833333    1.8619    2.1130    0.1375    0.1560
72.833333 72.875000    1.4730    2.1054    0.1087    0.1554
72.875000 72.916667    1.2061    1.9636    0.0890    0.1450
72.916667 72.958333    1.2680    1.7907    0.0936    0.1322
72.958333 73.000000    1.1336    1.7049    0.0837    0.1259
73.000000 73.041667    1.0582    1.6894    0.0781    0.1247
73.041667 73.083333    1.0040    1.4464    0.0741    0.1068
73.083333 73.125000    0.9610    1.0601    0.0709    0.0783
73.125000 73.166667    0.9127    0.9433    0.0674    0.0696
73.166667 73.208333    0.8715    0.7723    0.0643    0.0570
73.208333 73.250000    1.0589    0.9363    0.0782    0.0691
73.250000 73.291667    1.4191    0.8986    0.1048    0.0663
73.291667 73.333333    1.8790    0.6726    0.1387    0.0497
73.333333 73.375000    1.7621    0.7730    0.1301    0.0571
73.375000 73.416667    2.5649    1.0622    0.1893    0.0784
73.416667 73.458333    2.0021    0.6638    0.1478    0.0490
73.458333 73.500000    2.0458    0.5486    0.1510    0.0405
73.500000 73.541667    1.6885    0.4191    0.1247    0.0309
73.541667 73.583333    1.4985    0.3447    0.1106    0.0254
73.583333 73.625000    1.4259    0.2223    0.1053    0.0164
73.625000 73.666667    2.1340    0.5657    0.1575    0.0418
73.666667 73.708333    3.0493    0.7408    0.2251    0.0547
73.708333 73.750000    3.5756    1.8940    0.2640    0.1398
73.750000 73.791667    5.4345    3.6610    0.4012    0.2703
73.791667 73.833333    4.0290    1.9593    0.2974    0.1446
73.833333 73.875000    4.0880    2.3999    0.3018    0.1772
73.875000 73.916667    3.3849    1.9700    0.2499    0.1454
73.916667 73.958333    2.8327    2.4980    0.2091    0.1844
73.958333 74.000000    2.4293    2.0511    0.1793    0.1514
74.000000 74.041667    2.2417    1.4259    0.1655    0.1053
74.041667 74.083333    1.7940    1.3581    0.1324    0.1003
74.083333 74.125000    1.6809    1.4000    0.1241    0.1034
74.125000 74.166667    1.6705    1.4546    0.1233    0.1074
74.166667 74.208333    1.7666    1.4585    0.1304    0.1077
74.208333 74.250000    1.9977    1.3922    0.1475    0.1028
74.250000 74.291667    1.7458    1.5088    0.1289    0.1114
74.291667 74.333333    2.3424    1.3918    0.1729    0.1027
74.333333 74.375000    2.2381    1.5187    0.1652    0.1121
74.375000 74.416667    2.7687    1.2201    0.2044    0.0901
74.416667 74.458333    2.9665    0.8651    0.2190    0.0639
74.458333 74.500000    2.9265    0.7625    0.2160    0.0563
74.500000 74.541667    2.4357    0.5321    0.1798    0.0393
74.541667 74.583333    2.4178    0.4638    0.1785    0.0342
74.583333 74.625000    2.2473    0.4237    0.1659    0.0313
74.625000 74.666667    2.3809    0.6358    0.1758    0.0469
74.666667 74.708333    2.5496    0.5300    0.1882    0.0391
74.708333 74.750000    3.5735    0.5075    0.2638    0.0375
74.750000 74.791667    4.3840    0.7526    0.3236    0.0556
74.791667 74.833333    4.7390    0.6398    0.3498    0.0472
74.833333 74.875000    6.3357    1.1077    0.4677    0.0818
74.875000 74.916667    7.6276    0.2947    0.5631    0.0218
74.916667 74.958333    7.4969    4.5943    0.5534    0.3392
74.958333 75.000000   10.4146    2.1839    0.7688    0.1612
75.000000 75.041667    8.9710    6.0441    0.6623    0.4462
75.041667 75.083333    5.6808    5.9799    0.4194    0.4415
75.083333 75.125000    3.5668    9.6128    0.2633    0.7096
75.125000 75.166667    6.6136    6.3077    0.4882    0.4657
75.166667 75.208333    7.4346    6.5805    0.5488    0.4858
75.208333 75.250000    7.9955    6.2424    0.5902    0.4608
75.250000 75.291667    7.2186    7.0677    0.5329    0.5218
75.291667 75.333333    6.8893    7.3699    0.5086    0.5441
75.333333 75.375000    7.0454    9.7961    0.5201    0.7232
75.375000 75.416667    6.4512    8.4610    0.4762    0.6246
75.416667 75.458333    3.8135   12.8607    0.2815    0.9494
75.458333 75.500000    5.9996    4.3507    0.4429    0.3212
75.500000 75.541667    5.4271    1.8897    0.4006    0.1395
75.541667 75.583333    3.3235    0.9023    0.2454    0.0666
75.583333 75.625000    3.4531    1.1617    0.2549    0.0858
75.625000 75.666667    5.8863    2.0823    0.4345    0.1537
75.666667 75.708333    5.1187    1.7038    0.3779    0.1258
75.708333 75.750000    7.4055    2.3530    0.5467    0.1737
75.750000 75.791667    6.4828    3.4324    0.4786    0.2534
75.791667 75.833333    8.3952    3.6344    0.6198    0.2683
75.833333 75.875000    8.0701    6.2939    0.5958    0.4646
75.875000 75.916667    7.9580    8.3642    0.5875    0.6175
75.916667 75.958333    7.7662    6.2083    0.5733    0.4583
75.958333 76.000000    8.1654    8.9241    0.6028    0.6588
76.000000 76.041667    9.7081    8.0926    0.7167    0.5974
76.041667 76.083333    9.3245   10.9953    0.6884    0.8117
76.083333 76.125000    8.2145   13.7567    0.6064    1.0156
76.125000 76.166667    8.1469   15.3539    0.6014    1.1335
76.166667 76.208333   15.4459    7.3174    1.1403    0.5402
76.208333 76.250000   15.6667    8.1544    1.1566    0.6020
76.250000 76.291667   14.3652    9.2632    1.0605    0.6838
76.291667 76.333333    9.2271   12.1131    0.6812    0.8942
76.333333 76.375000    5.2252   13.5571    0.3857    1.0008
76.375000 76.416667    9.1875    5.2904    0.6782    0.3906
76.416667 76.458333    9.4860    7.4252    0.7003    0.5482
76.458333 76.500000    9.1604    5.4771    0.6762    0.4043
76.500000 76.541667    6.8777    5.1160    0.5077    0.3777
76.541667 76.583333    5.5705    3.7143    0.4112    0.2742
76.583333 76.625000    4.0664    2.6242    0.3002    0.1937
76.625000 76.666667    3.3757    2.7011    0.2492    0.1994
76.666667 76.708333    2.4323    2.2045    0.1796    0.1627
76.708333 76.750000    3.1302    3.0923    0.2311    0.2283
76.750000 76.791667    3.6441    4.5386    0.2690    0.3351
76.791667 76.833333    4.1025    6.4850    0.3029    0.4787
76.833333 76.875000    4.0361    6.2731    0.2980    0.4631
76.875000 76.916667    4.3561    2.2366    0.3216    0.1651
76.916667 76.958333    4.9729    1.6574    0.3671    0.1224
76.958333 77.000000    5.1772    1.1529    0.3822    0.0851
77.000000 77.041667    4.7925    1.0360    0.3538    0.0765
77.041667 77.083333    4.9808    0.8478    0.3677    0.0626
77.083333 77.125000    4.1141    1.0624    0.3037    0.0784
77.125000 77.166667    3.9417    0.7434    0.2910    0.0549
77.166667 77.208333    3.9112    0.6571    0.2887    0.0485
77.208333 77.250000    4.2839    0.5599    0.3162    0.0413
77.250000 77.291667    4.9181    0.7233    0.3631    0.0534
77.291667 77.333333    6.3434    0.6076    0.4683    0.0449
77.333333 77.375000    5.8593    0.5550    0.4325    0.0410
77.375000 77.416667    5.2372    0.9314    0.3866    0.0688
77.416667 77.458333    4.6648    0.6455    0.3444    0.0477
77.458333 77.500000    4.3253    0.5464    0.3193    0.0403
77.500000 77.541667    3.5605    0.0818    0.2628    0.0060
77.541667 77.583333    3.0400    0.2960    0.2244    0.0219
77.583333 77.625000    2.3040    0.2374    0.1701    0.0175
77.625000 77.666667    2.3629    0.3068    0.1744    0.0226
77.666667 77.708333    2.3467    0.6497    0.1732    0.0480
77.708333 77.750000    3.8406    3.9189    0.2835    0.2893
