tests/testdata/PMF_Absorption/Melpitz_absorption_20171201_3mo_PMF_lev3.nas
25, 1001
Mueller, Thomas; Tuch, Thomas
DE08L, Leibniz Institute for Tropospheric Research, TROPOS,, Permoserstrasse 15,, 04318, Leipzig, Germany
EIMPS Winter campaign (20171201 - 20180301), Aethalometer data (hourly), PMF applied
EMEP CAMPAIGN COLOSSAL
1 1
2017 12 01 2018 03 01
0.041667
days from file reference point
5
1 1 1 1 1
999.999999 999.9999 999.9999 999.9999 999.9999
end_time of measurement, days from the file reference point
Babs_bb, 1/Mm 
Babs_ff, 1/Mm 
eBC_bb, ug/m3 
eBC_ff, ug/m3 
Startdate: 20171201000000
Station name: Melpitz
Station latitude:  51.526 
Station longitude:  12.928 
Station altitude: 86.0m 
MAC_880nm: 13.5459
Comment: Conversion factor (MAC_880nm) for Babs to eBC [ug/m3] using colocated EC where available. Should not necessarily be interpreted as "true MAC". Where no colocated EC data was available we have used instrument MAC vales (7.77 for AE33 16.6 for AE31)
starttime  endtime    Babs_bb   Babs_ff    eBC_bb    eBC_ff
[from data line 801]
33.375000 33.416667    1.0465    0.1285    0.0773    0.0095
33.416667 33.458333    1.2682    0.0847    0.0936    0.0063
33.458333 33.500000    0.9095    0.1851    0.0671    0.0137
33.500000 33.541667    0.6876    0.0116    0.0508    0.0009
33.541667 33.583333    0.8921    0.0999    0.0659    0.0074
33.583333 33.625000    1.2182    0.2724    0.0899    0.0201
33.625000 33.666667    1.1349    0.1703    0.0838    0.0126
33.666667 33.708333    1.2144    0.1377    0.0897    0.0102
33.708333 33.750000    0.9313    0.1876    0.0687    0.0138
33.750000 33.791667    0.9901    0.2019    0.0731    0.0149
33.791667 33.833333    1.5427  999.9999    0.1139  999.9999
33.833333 33.875000    1.2154    0.0436    0.0897    0.0032
33.875000 33.916667    0.8866    0.1631    0.0655    0.0120
33.916667 33.958333    0.8003    0.1602    0.0591    0.0118
33.958333 34.000000    0.7626    0.1992    0.0563    0.0147
34.000000 34.041667    0.5453    0.1990    0.0403    0.0147
34.041667 34.083333    0.6382    0.0964    0.0471    0.0071
34.083333 34.125000    0.6319    0.0391    0.0466    0.0029
34.125000 34.166667    0.6211    0.1135    0.0458    0.0084
34.166667 34.208333    0.6900    0.1135    0.0509    0.0084
34.208333 34.250000    0.7123    0.1752    0.0526    0.0129
34.250000 34.291667    0.7853    0.1794    0.0580    0.0132
34.291667 34.333333    1.0065    0.1963    0.0743    0.0145
34.333333 34.375000    1.0796    0.1377    0.0797    0.0102
34.375000 34.416667    1.0896    0.1865    0.0804    0.0138
34.416667 34.458333    1.2197    0.1691    0.0900    0.0125
34.458333 34.500000    1.1204    0.2580    0.0827    0.0190
34.500000 34.541667    1.2793    0.2483    0.0944    0.0183
34.541667 34.583333    1.4201    0.2208    0.1048    0.0163
34.583333 34.625000    1.9921    0.3953    0.1471    0.0292
34.625000 34.666667    1.6954    0.6237    0.1252    0.0460
34.666667 34.708333    2.1294    0.8858    0.1572    0.0654
34.708333 34.750000    1.7729    0.5713    0.1309    0.0422
34.750000 34.791667    2.2571    0.6010    0.1666    0.0444
34.791667 34.833333    1.7898    0.4567    0.1321    0.0337
34.833333 34.875000    1.5276    0.6231    0.1128    0.0460
34.875000 34.916667    1.3758    0.6515    0.1016    0.0481
34.916667 34.958333    1.4615    0.4205    0.1079    0.0310
34.958333 35.000000    1.1771    0.4605    0.0869    0.0340
35.000000 35.041667    1.1446    0.4616    0.0845    0.0341
35.041667 35.083333    1.0917    0.4016    0.0806    0.0296
35.083333 35.125000    0.6777    0.3316    0.0500    0.0245
35.125000 35.166667    0.5632    0.3074    0.0416    0.0227
35.166667 35.208333    0.5991    0.3025    0.0442    0.0223
35.208333 35.250000    0.6744    0.2088    0.0498    0.0154
35.250000 35.291667    0.8392    0.1781    0.0620    0.0131
35.291667 35.333333    0.6878    0.1992    0.0508    0.0147
35.333333 35.375000    0.8849    0.1902    0.0653    0.0140
35.375000 35.416667    1.0956    0.1684    0.0809    0.0124
35.416667 35.458333    0.9923    0.1361    0.0733    0.0100
35.458333 35.500000    1.1479    0.2440    0.0847    0.0180
35.500000 35.541667    1.2589    0.3285    0.0929    0.0243
35.541667 35.583333    2.0838    0.4394    0.1538    0.0324
35.583333 35.625000    1.7093    0.5081    0.1262    0.0375
35.625000 35.666667    1.4135    0.7093    0.1044    0.0524
35.666667 35.708333    2.2705    0.7313    0.1676    0.0540
35.708333 35.750000    1.8930    0.9117    0.1397    0.0673
35.750000 35.791667    2.6892    1.2605    0.1985    0.0931
35.791667 35.833333    2.6251    1.8020    0.1938    0.1330
35.833333 35.875000    1.6427    1.1860    0.1213    0.0876
35.875000 35.916667    0.9112    1.2770    0.0673    0.0943
35.916667 35.958333    1.4009    1.1602    0.1034    0.0857
35.958333 36.000000    1.4274    1.0298    0.1054    0.0760
36.000000 36.041667    1.2283    0.7050    0.0907    0.0520
36.041667 36.083333    0.9189    0.4568    0.0678    0.0337
36.083333 36.125000    0.9385    0.3828    0.0693    0.0283
36.125000 36.166667    1.2145    0.3317    0.0897    0.0245
36.166667 36.208333    1.2496    0.3338    0.0923    0.0246
36.208333 36.250000    2.1928    0.1959    0.1619    0.0145
36.250000 36.291667    1.7658    0.1976    0.1304    0.0146
36.291667 36.333333    2.8379    0.0570    0.2095    0.0042
36.333333 36.375000    5.2544    0.5460    0.3879    0.0403
36.375000 36.416667    6.4016    0.0121    0.4726    0.0009
36.416667 36.458333    4.3410    0.0894    0.3205    0.0066
36.458333 36.500000    3.1582    0.0269    0.2331    0.0020
36.500000 36.541667    2.6833    0.2199    0.1981    0.0162
36.541667 36.583333    2.6270    0.3673    0.1939    0.0271
36.583333 36.625000    2.7573    0.4743    0.2036    0.0350
36.625000 36.666667    3.6164    0.4085    0.2670    0.0302
36.666667 36.708333    4.4718    0.7838    0.3301    0.0579
36.708333 36.750000    8.2570    2.6946    0.6096    0.1989
36.750000 36.791667    8.4982    2.8784    0.6274    0.2125
36.791667 36.833333   13.6097    6.6274    1.0047    0.4893
36.833333 36.875000    4.7845    4.3851    0.3532    0.3237
36.875000 36.916667    2.5359    3.4786    0.1872    0.2568
36.916667 36.958333    3.4341    2.7803    0.2535    0.2052
36.958333 37.000000    3.3636    1.9409    0.2483    0.1433
37.000000 37.041667    3.0181    1.7665    0.2228    0.1304
37.041667 37.083333    3.2430    3.5343    0.2394    0.2609
37.083333 37.125000    4.2144    2.8803    0.3111    0.2126
37.125000 37.166667    2.2906    1.2382    0.1691    0.0914
37.166667 37.208333    1.0276    0.3092    0.0759    0.0228
37.208333 37.250000    0.8037    0.6559    0.0593    0.0484
37.250000 37.291667    0.6569    0.7099    0.0485    0.0524
37.291667 37.333333    0.6582    0.5733    0.0486    0.0423
37.333333 37.375000    0.9057    0.4119    0.0669    0.0304
37.375000 37.416667    1.4171    0.3629    0.1046    0.0268
37.416667 37.458333    1.2794    0.4037    0.0945    0.0298
37.458333 37.500000    1.4058    0.4776    0.1038    0.0353
37.500000 37.541667    1.3129    0.4623    0.0969    0.0341
37.541667 37.583333    1.2645    0.5310    0.0933    0.0392
37.583333 37.625000    1.5492    0.7544    0.1144    0.0557
37.625000 37.666667    1.5387    0.6170    0.1136    0.0455
37.666667 37.708333    2.0863    0.8847    0.1540    0.0653
37.708333 37.750000    2.1899    1.1375    0.1617    0.0840
37.750000 37.791667    2.4295    1.8924    0.1794    0.1397
37.791667 37.833333    2.8879    2.3232    0.2132    0.1715
37.833333 37.875000    3.3344    2.6595    0.2462    0.1963
37.875000 37.916667    3.0353    3.6095    0.2241    0.2665
37.916667 37.958333    3.4719    4.1400    0.2563    0.3056
37.958333 38.000000  999.9999  999.9999  999.9999  999.9999
38.000000 38.041667    3.4184    6.1329    0.2524    0.4527
38.041667 38.083333    4.9321    5.7066    0.3641    0.4213
38.083333 38.125000    5.4369    6.2975    0.4014    0.4649
38.125000 38.166667    5.5595    6.8820    0.4104    0.5080
38.166667 38.208333    4.9635    8.0907    0.3664    0.5973
38.208333 38.250000    4.0267    8.7701    0.2973    0.6474
38.250000 38.291667    3.8815    9.4920    0.2865    0.7007
38.291667 38.333333    3.2153   11.3993    0.2374    0.8415
38.333333 38.375000    4.5777   11.1446    0.3379    0.8227
38.375000 38.416667    5.0150   10.0414    0.3702    0.7413
38.416667 38.458333    4.4278    8.5521    0.3269    0.6313
38.458333 38.500000    4.2100    8.1261    0.3108    0.5999
38.500000 38.541667    3.3178    7.5943    0.2449    0.5606
38.541667 38.583333    3.2023    6.4958    0.2364    0.4795
38.583333 38.625000    2.8326    6.6945    0.2091    0.4942
38.625000 38.666667    3.5631    7.4015    0.2630    0.5464
38.666667 38.708333    7.4079    6.3750    0.5469    0.4706
38.708333 38.750000    8.4819    5.1442    0.6262    0.3798
38.750000 38.791667    9.0115    5.5375    0.6653    0.4088
38.791667 38.833333    9.4024    7.2716    0.6941    0.5368
38.833333 38.875000    7.4460   10.2027    0.5497    0.7532
38.875000 38.916667    5.6646   13.8077    0.4182    1.0193
38.916667 38.958333    7.1768    8.5587    0.5298    0.6318
38.958333 39.000000    6.2495   12.4992    0.4614    0.9227
39.000000 39.041667    6.7146   12.6704    0.4957    0.9354
39.041667 39.083333    6.0215   13.4638    0.4445    0.9939
39.083333 39.125000    4.1024   14.7190    0.3028    1.0866
39.125000 39.166667    3.1601   16.4018    0.2333    1.2108
39.166667 39.208333    8.0054   12.9148    0.5910    0.9534
39.208333 39.250000    8.5824   12.2568    0.6336    0.9048
39.250000 39.291667    7.2863   13.6866    0.5379    1.0104
39.291667 39.333333    5.3007   15.5453    0.3913    1.1476
39.333333 39.375000    3.2708   17.0666    0.2415    1.2599
39.375000 39.416667    8.0833   10.4764    0.5967    0.7734
39.416667 39.458333    7.2363   11.5480    0.5342    0.8525
39.458333 39.500000    5.9669   12.9014    0.4405    0.9524
39.500000 39.541667    3.5405   14.5666    0.2614    1.0754
39.541667 39.583333    2.0644   15.2289    0.1524    1.1242
39.583333 39.625000    0.6596   17.0699    0.0487    1.2602
39.625000 39.666667    9.0441   10.2603    0.6677    0.7574
39.666667 39.708333    7.3394   11.7991    0.5418    0.8710
39.708333 39.750000    8.5121   12.8761    0.6284    0.9506
39.750000 39.791667    9.3728   15.9096    0.6919    1.1745
39.791667 39.833333    5.7729   18.6470    0.4262    1.3766
39.833333 39.875000   15.7463   12.1688    1.1624    0.8983
39.875000 39.916667   11.5015   11.4503    0.8491    0.8453
39.916667 39.958333    9.1266   11.9697    0.6738    0.8836
39.958333 40.000000    7.8251   11.7341    0.5777    0.8662
40.000000 40.041667    7.2223    9.9333    0.5332    0.7333
40.041667 40.083333    8.3109    8.4036    0.6135    0.6204
40.083333 40.125000    5.9620    6.4596    0.4401    0.4769
40.125000 40.166667    3.7746    4.6112    0.2786    0.3404
40.166667 40.208333    3.8175    4.7638    0.2818    0.3517
40.208333 40.250000    3.8325    4.8505    0.2829    0.3581
40.250000 40.291667    4.3639    5.2985    0.3222    0.3912
40.291667 40.333333    3.8950    5.7931    0.2875    0.4277
40.333333 40.375000    2.6120    8.3872    0.1928    0.6192
40.375000 40.416667    6.2409    4.0473    0.4607    0.2988
40.416667 40.458333    4.3772    5.3205    0.3231    0.3928
40.458333 40.500000    6.4169    2.9757    0.4737    0.2197
40.500000 40.541667    5.6570    2.2174    0.4176    0.1637
40.541667 40.583333    3.8934    1.0263    0.2874    0.0758
40.583333 40.625000    3.9271    0.9773    0.2899    0.0721
40.625000 40.666667    4.8157    1.3302    0.3555    0.0982
40.666667 40.708333    6.9238    2.5504    0.5111    0.1883
40.708333 40.750000    9.8289    1.8387    0.7256    0.1357
40.750000 40.791667    8.0950    4.3404    0.5976    0.3204
40.791667 40.833333   13.6554    3.5520    1.0081    0.2622
40.833333 40.875000   11.2192    3.9210    0.8282    0.2895
40.875000 40.916667   12.6272    4.5908    0.9322    0.3389
40.916667 40.958333   14.4839    6.4188    1.0692    0.4739
40.958333 41.000000   12.0466    5.3666    0.8893    0.3962
41.000000 41.041667   11.9914    5.8842    0.8852    0.4344
41.041667 41.083333   11.3966    7.5713    0.8413    0.5589
41.083333 41.125000   10.6935    7.3679    0.7894    0.5439
41.125000 41.166667   10.4166    7.0797    0.7690    0.5226
41.166667 41.208333    9.6635    5.9938    0.7134    0.4425
41.208333 41.250000   10.6861    6.1615    0.7889    0.4549
41.250000 41.291667   11.3246    6.3723    0.8360    0.4704
41.291667 41.333333   12.4275    6.9034    0.9174    0.5096
41.333333 41.375000   13.5611   10.2347    1.0011    0.7556
41.375000 41.416667    9.3262   13.9337    0.6885    1.0286
41.416667 41.458333   14.0819   10.4782    1.0396    0.7735
41.458333 41.500000   11.4883    9.1925    0.8481    0.6786
41.500000 41.541667   11.3995    6.7396    0.8415    0.4975
41.541667 41.583333    9.9614    6.0531    0.7354    0.4469
41.583333 41.625000   10.4643    5.6535    0.7725    0.4174
41.625000 41.666667   20.3112    6.2744    1.4994    0.4632
41.666667 41.708333   14.2388    3.7657    1.0512    0.2780
41.708333 41.750000   12.8840    4.4761    0.9511    0.3304
41.750000 41.791667   13.3801   11.9180    0.9878    0.8798
41.791667 41.833333   14.5123    9.9966    1.0713    0.7380
41.833333 41.875000   10.5788    1.2926    0.7810    0.0954
41.875000 41.916667   12.5122    3.7643    0.9237    0.2779
41.916667 41.958333   11.4390    1.6756    0.8445    0.1237
41.958333 42.000000   11.4366    1.8491    0.8443    0.1365
42.000000 42.041667   11.3489    2.2658    0.8378    0.1673
42.041667 42.083333   11.4608    3.4595    0.8461    0.2554
42.083333 42.125000   10.7825    3.7405    0.7960    0.2761
42.125000 42.166667   10.2881    4.4446    0.7595    0.3281
42.166667 42.208333   10.0490    4.7632    0.7418    0.3516
42.208333 42.250000   11.9131    2.1090    0.8795    0.1557
42.250000 42.291667   12.5476    2.7626    0.9263    0.2039
42.291667 42.333333   13.3276    2.6709    0.9839    0.1972
42.333333 42.375000   18.8747   11.6794    1.3934    0.8622
42.375000 42.416667   18.2605   32.5638    1.3480    2.4040
42.416667 42.458333   22.9227   16.2547    1.6922    1.2000
42.458333 42.500000   22.4281   15.1491    1.6557    1.1184
42.500000 42.541667   15.1056   17.0425    1.1151    1.2581
42.541667 42.583333   17.5012    6.9614    1.2920    0.5139
42.583333 42.625000   14.9336    8.7080    1.1024    0.6429
42.625000 42.666667   14.1112    7.9304    1.0417    0.5854
42.666667 42.708333   12.6182   12.0691    0.9315    0.8910
42.708333 42.750000   14.8271   10.4864    1.0946    0.7741
42.750000 42.791667   25.2622    3.7929    1.8649    0.2800
42.791667 42.833333   23.5191    6.0809    1.7363    0.4489
42.833333 42.875000   16.3754    5.1140    1.2089    0.3775
42.875000 42.916667   13.2988    5.9680    0.9818    0.4406
42.916667 42.958333   12.3865    7.5539    0.9144    0.5576
42.958333 43.000000   12.5022    8.2610    0.9230    0.6099
43.000000 43.041667   13.7059    6.8173    1.0118    0.5033
43.041667 43.083333   13.1835    5.8231    0.9732    0.4299
43.083333 43.125000   12.3756    6.0954    0.9136    0.4500
43.125000 43.166667   12.7169    6.7795    0.9388    0.5005
43.166667 43.208333   12.2533    7.4403    0.9046    0.5493
43.208333 43.250000   11.0050    8.2531    0.8124    0.6093
43.250000 43.291667   14.5974    5.8826    1.0776    0.4343
43.291667 43.333333   14.1288    5.0409    1.0430    0.3721
43.333333 43.375000    7.5637    4.5889    0.5584    0.3388
43.375000 43.416667    3.7389    4.1435    0.2760    0.3059
43.416667 43.458333    3.2295    4.5642    0.2384    0.3369
43.458333 43.500000    3.1732    4.7380    0.2343    0.3498
43.500000 43.541667    2.6488    4.7185    0.1955    0.3483
43.541667 43.583333    2.1998    4.9454    0.1624    0.3651
43.583333 43.625000    2.2012    4.9733    0.1625    0.3671
43.625000 43.666667    2.1110    4.8550    0.1558    0.3584
43.666667 43.708333    3.6918    3.9831    0.2725    0.2940
43.708333 43.750000    4.1640    3.5481    0.3074    0.2619
43.750000 43.791667    4.6373    3.9028    0.3423    0.2881
43.791667 43.833333    5.3838    5.4165    0.3974    0.3999
43.833333 43.875000    5.4957    4.5106    0.4057    0.3330
43.875000 43.916667    5.1151    4.5616    0.3776    0.3368
43.916667 43.958333    5.1284    5.1794    0.3786    0.3824
43.958333 44.000000    4.8322    6.4899    0.3567    0.4791
44.000000 44.041667    4.4526    7.9781    0.3287    0.5890
44.041667 44.083333    3.9965    9.4685    0.2950    0.6990
44.083333 44.125000    6.6541    6.3935    0.4912    0.4720
44.125000 44.166667    7.2187    5.8088    0.5329    0.4288
44.166667 44.208333    6.9396    5.6208    0.5123    0.4149
44.208333 44.250000    5.8149    6.2958    0.4293    0.4648
44.250000 44.291667    4.9112    7.5063    0.3626    0.5541
44.291667 44.333333    4.2873    8.5425    0.3165    0.6306
44.333333 44.375000    3.4407    9.3779    0.2540    0.6923
44.375000 44.416667    2.6414    9.2276    0.1950    0.6812
