tests/testdata/PMF_Absorption/Melpitz_absorption_20171201_3mo_PMF_lev3.nas
25, 1001
Mueller, Thomas; Tuch, Thomas
DE08L, Leibniz Institute for Tropospheric Research, TROPOS,, Permoserstrasse 15,, 04318, Leipzig, Germany
EIMPS Winter campaign (20171201 - 20180301), Aethalometer data (hourly), PMF applied
EMEP CAMPAIGN COLOSSAL
1 1
2017 12 01 2018 03 01
0.041667
days from file reference point
5
1 1 1 1 1
999.999999 999.9999 999.9999 999.9999 999.9999
end_time of measurement, days from the file reference point
Babs_bb, 1/Mm 
Babs_ff, 1/Mm 
eBC_bb, ug/m3 
eBC_ff, ug/m3 
Startdate: 20171201000000
Station name: Melpitz
Station latitude:  51.526 
Station longitude:  12.928 
Station altitude: 86.0m 
MAC_880nm: 13.5459
Comment: Conversion factor (MAC_880nm) for Babs to eBC [ug/m3] using colocated EC where available. Should not necessarily be interpreted as "true MAC". Where no colocated EC data was available we have used instrument MAC vales (7.77 for AE33 16.6 for AE31)
starttime  endtime    Babs_bb   Babs_ff    eBC_bb    eBC_ff
[from data line 267]
11.125000 11.166667    1.2000    0.1347    0.0886    0.0099
11.166667 11.208333    0.9841    0.1253    0.0727    0.0093
11.208333 11.250000    0.7762    0.1287    0.0573    0.0095
11.250000 11.291667    0.7073    0.1217    0.0522    0.0090
11.291667 11.333333    1.0682  999.9999    0.0789  999.9999
11.333333 11.375000    1.0292    0.2030    0.0760    0.0150
11.375000 11.416667    1.3132    0.2096    0.0969    0.0155
11.416667 11.458333    1.0888    0.2739    0.0804    0.0202
11.458333 11.500000    1.2179    0.4461    0.0899    0.0329
11.500000 11.541667    1.5106    0.4521    0.1115    0.0334
11.541667 11.583333    1.6896    0.5850    0.1247    0.0432
11.583333 11.625000    1.8095    0.6525    0.1336    0.0482
11.625000 11.666667    1.8988    0.5339    0.1402    0.0394
11.666667 11.708333    1.8297    0.6411    0.1351    0.0473
11.708333 11.750000    1.9861    0.7499    0.1466    0.0554
11.750000 11.791667    1.8093    0.5844    0.1336    0.0431
11.791667 11.833333    1.6853    0.4455    0.1244    0.0329
11.833333 11.875000    1.6087    0.3282    0.1188    0.0242
11.875000 11.916667    1.9940    0.8475    0.1472    0.0626
11.916667 11.958333    1.4786    1.1151    0.1092    0.0823
11.958333 12.000000    1.6548    1.2166    0.1222    0.0898
12.000000 12.041667    1.6432    1.0164    0.1213    0.0750
12.041667 12.083333    1.6894    1.0980    0.1247    0.0811
12.083333 12.125000    1.7309    0.9364    0.1278    0.0691
12.125000 12.166667    1.8721    1.0334    0.1382    0.0763
12.166667 12.208333    2.0519    0.9765    0.1515    0.0721
12.208333 12.250000    2.2461    0.7555    0.1658    0.0558
12.250000 12.291667    2.3493    0.7536    0.1734    0.0556
12.291667 12.333333    2.7155    0.6500    0.2005    0.0480
12.333333 12.375000    1.9766    1.2358    0.1459    0.0912
12.375000 12.416667    2.0754    1.1283    0.1532    0.0833
12.416667 12.458333    2.3112    0.9535    0.1706    0.0704
12.458333 12.500000    2.0510    1.0105    0.1514    0.0746
12.500000 12.541667    1.9575    0.9132    0.1445    0.0674
12.541667 12.583333    2.1139    0.6328    0.1561    0.0467
12.583333 12.625000    1.6271    0.5014    0.1201    0.0370
12.625000 12.666667    1.9000    0.6247    0.1403    0.0461
12.666667 12.708333    2.2569    0.7657    0.1666    0.0565
12.708333 12.750000    2.3286    0.7477    0.1719    0.0552
12.750000 12.791667    2.2930    0.6869    0.1693    0.0507
12.791667 12.833333    2.7080    0.6773    0.1999    0.0500
12.833333 12.875000    2.8764    0.6506    0.2123    0.0480
12.875000 12.916667    2.1276    0.5082    0.1571    0.0375
12.916667 12.958333    1.6101    0.3793    0.1189    0.0280
12.958333 13.000000    1.1621    0.2157    0.0858    0.0159
13.000000 13.041667    1.1438    0.1380    0.0844    0.0102
13.041667 13.083333    1.1678    0.1450    0.0862    0.0107
13.083333 13.125000    0.8037    0.1183    0.0593    0.0087
13.125000 13.166667    0.4453    0.0633    0.0329    0.0047
13.166667 13.208333    0.4819    0.0284    0.0356    0.0021
13.208333 13.250000    0.6032    0.1015    0.0445    0.0075
13.250000 13.291667    0.8209    0.2125    0.0606    0.0157
13.291667 13.333333    1.3258    0.2787    0.0979    0.0206
13.333333 13.375000    1.0526    0.1576    0.0777    0.0116
13.375000 13.416667  999.9999  999.9999  999.9999  999.9999
13.416667 13.458333    1.2034    0.0000    0.0888    0.0000
13.458333 13.500000    0.9921    0.1257    0.0732    0.0093
13.500000 13.541667    1.4159    0.2374    0.1045    0.0175
13.541667 13.583333    1.1075    0.2174    0.0818    0.0160
13.583333 13.625000    1.3020    0.1897    0.0961    0.0140
13.625000 13.666667    1.2633    0.2730    0.0933    0.0202
13.666667 13.708333    1.4067    0.4349    0.1038    0.0321
13.708333 13.750000    1.4388    0.5181    0.1062    0.0382
13.750000 13.791667    1.3453    0.5663    0.0993    0.0418
13.791667 13.833333    1.4531    0.7880    0.1073    0.0582
13.833333 13.875000    1.4764    0.7714    0.1090    0.0569
13.875000 13.916667    1.4466    0.8095    0.1068    0.0598
13.916667 13.958333    1.1622    0.6558    0.0858    0.0484
13.958333 14.000000    1.0940    0.6791    0.0808    0.0501
14.000000 14.041667    1.0813    0.7243    0.0798    0.0535
14.041667 14.083333    1.4440    0.8369    0.1066    0.0618
14.083333 14.125000    1.7567    0.9501    0.1297    0.0701
14.125000 14.166667    1.8070    0.7946    0.1334    0.0587
14.166667 14.208333    1.8154    0.7244    0.1340    0.0535
14.208333 14.250000    2.1210    0.9075    0.1566    0.0670
14.250000 14.291667    7.4371    0.5274    0.5490    0.0389
14.291667 14.333333    5.8428    0.8056    0.4313    0.0595
14.333333 14.375000    5.3028    0.9204    0.3915    0.0679
14.375000 14.416667    4.8647    0.6218    0.3591    0.0459
14.416667 14.458333    5.8220    0.6741    0.4298    0.0498
14.458333 14.500000    3.6773    0.3067    0.2715    0.0226
14.500000 14.541667    2.6024    0.3164    0.1921    0.0234
14.541667 14.583333    2.3391    0.3692    0.1727    0.0273
14.583333 14.625000    3.6809    1.0378    0.2717    0.0766
14.625000 14.666667    4.6299    0.2812    0.3418    0.0208
14.666667 14.708333    7.2221    0.5153    0.5332    0.0380
14.708333 14.750000    4.0432    1.0957    0.2985    0.0809
14.750000 14.791667    4.2663    1.5909    0.3150    0.1174
14.791667 14.833333    6.6964    7.8675    0.4944    0.5808
14.833333 14.875000    6.8142    7.7414    0.5030    0.5715
14.875000 14.916667    5.8257    7.2107    0.4301    0.5323
14.916667 14.958333    6.0086    4.4963    0.4436    0.3319
14.958333 15.000000    9.5551    6.6738    0.7054    0.4927
15.000000 15.041667    9.5710    6.8674    0.7066    0.5070
15.041667 15.083333    8.9748    7.5356    0.6626    0.5563
15.083333 15.125000    8.7823    8.9185    0.6483    0.6584
15.125000 15.166667    6.9809    8.6299    0.5154    0.6371
15.166667 15.208333    6.1614    9.7100    0.4549    0.7168
15.208333 15.250000    8.5676    8.6303    0.6325    0.6371
15.250000 15.291667    9.0344    6.4947    0.6669    0.4795
15.291667 15.333333    7.9853    4.2717    0.5895    0.3153
15.333333 15.375000    7.7285    3.5748    0.5705    0.2639
15.375000 15.416667    6.7001    3.0540    0.4946    0.2255
15.416667 15.458333    6.9903    3.0817    0.5160    0.2275
15.458333 15.500000    8.2851    2.7257    0.6116    0.2012
15.500000 15.541667    5.3536    2.1996    0.3952    0.1624
15.541667 15.583333    4.4426    1.8689    0.3280    0.1380
15.583333 15.625000    5.3155    2.0824    0.3924    0.1537
15.625000 15.666667    4.2398    2.0492    0.3130    0.1513
15.666667 15.708333    4.7865    1.9171    0.3534    0.1415
15.708333 15.750000    5.6903    1.6069    0.4201    0.1186
15.750000 15.791667    4.1771    0.7016    0.3084    0.0518
15.791667 15.833333    2.6811    0.3486    0.1979    0.0257
15.833333 15.875000    3.7354    1.4163    0.2758    0.1046
15.875000 15.916667    3.8301    1.4733    0.2828    0.1088
15.916667 15.958333    3.2102    0.7821    0.2370    0.0577
15.958333 16.000000    2.4519    0.5251    0.1810    0.0388
16.000000 16.041667    2.1239    0.6463    0.1568    0.0477
16.041667 16.083333    1.7302    0.4657    0.1277    0.0344
16.083333 16.125000    1.4033    0.4416    0.1036    0.0326
16.125000 16.166667    1.4730    0.3936    0.1087    0.0291
16.166667 16.208333    1.3017    0.2943    0.0961    0.0217
16.208333 16.250000    0.9067    0.0536    0.0669    0.0040
16.250000 16.291667    0.7313    0.1112    0.0540    0.0082
16.291667 16.333333    1.1327    0.3071    0.0836    0.0227
16.333333 16.375000    1.3961    0.5345    0.1031    0.0395
16.375000 16.416667    0.7955    0.0271    0.0587    0.0020
16.416667 16.458333    0.7617    0.0094    0.0562    0.0007
16.458333 16.500000    0.8051    0.1672    0.0594    0.0123
16.500000 16.541667    0.7934    0.2324    0.0586    0.0172
16.541667 16.583333    0.8902    0.2465    0.0657    0.0182
16.583333 16.625000    0.9279    0.2713    0.0685    0.0200
16.625000 16.666667    1.1771    0.3314    0.0869    0.0245
16.666667 16.708333    1.3581    0.4480    0.1003    0.0331
16.708333 16.750000    2.6800    0.8128    0.1978    0.0600
16.750000 16.791667    3.0790    1.0563    0.2273    0.0780
16.791667 16.833333    1.6746    0.7389    0.1236    0.0545
16.833333 16.875000    2.2120    1.6953    0.1633    0.1252
16.875000 16.916667    2.0666    1.1079    0.1526    0.0818
16.916667 16.958333    1.9968    1.7294    0.1474    0.1277
16.958333 17.000000    2.0863    1.2563    0.1540    0.0927
17.000000 17.041667    1.8821    1.7287    0.1389    0.1276
17.041667 17.083333    1.2882    2.6741    0.0951    0.1974
17.083333 17.125000    1.6418    1.7712    0.1212    0.1308
17.125000 17.166667    1.5957    1.4173    0.1178    0.1046
17.166667 17.208333    1.2258    1.6213    0.0905    0.1197
17.208333 17.250000    1.7045    1.5594    0.1258    0.1151
17.250000 17.291667    2.3033    1.8440    0.1700    0.1361
17.291667 17.333333    2.8282    1.6474    0.2088    0.1216
17.333333 17.375000    3.4647    1.2947    0.2558    0.0956
17.375000 17.416667    3.7167    1.0359    0.2744    0.0765
17.416667 17.458333    4.8705    0.9470    0.3596    0.0699
17.458333 17.500000    3.7799    0.7785    0.2790    0.0575
17.500000 17.541667    4.4265    0.7890    0.3268    0.0582
17.541667 17.583333    3.4153    0.6989    0.2521    0.0516
17.583333 17.625000    3.5035    0.6523    0.2586    0.0482
17.625000 17.666667    3.7646    0.8337    0.2779    0.0615
17.666667 17.708333    5.8304    1.1370    0.4304    0.0839
17.708333 17.750000    7.8869    1.6901    0.5822    0.1248
17.750000 17.791667    5.9113    2.5094    0.4364    0.1853
17.791667 17.833333    5.6810    3.1510    0.4194    0.2326
17.833333 17.875000    5.5052    3.3297    0.4064    0.2458
17.875000 17.916667    6.4866    5.3690    0.4789    0.3964
17.916667 17.958333    4.7700    5.4192    0.3521    0.4001
17.958333 18.000000    7.1574    6.2530    0.5284    0.4616
18.000000 18.041667    6.7513    7.3004    0.4984    0.5389
18.041667 18.083333    6.7193    7.4342    0.4960    0.5488
18.083333 18.125000    6.1328    7.1900    0.4527    0.5308
18.125000 18.166667    5.7994    6.3599    0.4281    0.4695
18.166667 18.208333    5.2988    6.0249    0.3912    0.4448
18.208333 18.250000    5.2299    4.9469    0.3861    0.3652
18.250000 18.291667    6.7701    6.5043    0.4998    0.4802
18.291667 18.333333    8.7547    7.5199    0.6463    0.5551
18.333333 18.375000    7.3802    5.3533    0.5448    0.3952
18.375000 18.416667    7.0594    3.9608    0.5211    0.2924
18.416667 18.458333    6.4027    2.6802    0.4727    0.1979
18.458333 18.500000    4.7523    1.8621    0.3508    0.1375
18.500000 18.541667    4.6323    1.1805    0.3420    0.0872
18.541667 18.583333    5.6877    1.1152    0.4199    0.0823
18.583333 18.625000    4.0932    0.9499    0.3022    0.0701
18.625000 18.666667    3.3167    0.7391    0.2449    0.0546
18.666667 18.708333    3.6446    1.1209    0.2691    0.0828
18.708333 18.750000    3.8679    1.3035    0.2855    0.0962
18.750000 18.791667    4.3094    1.1736    0.3181    0.0866
18.791667 18.833333    4.0458    1.5207    0.2987    0.1123
18.833333 18.875000    5.6278    4.7914    0.4155    0.3537
18.875000 18.916667    8.2189    2.2838    0.6067    0.1686
18.916667 18.958333    6.7155    1.1763    0.4958    0.0868
18.958333 19.000000    6.3563    0.7440    0.4692    0.0549
19.000000 19.041667    5.9577    0.5329    0.4398    0.0393
19.041667 19.083333    4.8023    0.4731    0.3545    0.0349
19.083333 19.125000    4.6033    0.4957    0.3398    0.0366
19.125000 19.166667    3.7228    0.7914    0.2748    0.0584
19.166667 19.208333    3.4119    0.6566    0.2519    0.0485
19.208333 19.250000    3.4018    0.4433    0.2511    0.0327
19.250000 19.291667    3.0149    0.4117    0.2226    0.0304
19.291667 19.333333    3.8062    0.2370    0.2810    0.0175
19.333333 19.375000    4.9520    0.5201    0.3656    0.0384
19.375000 19.416667    6.9807    0.9346    0.5153    0.0690
19.416667 19.458333    6.1341    0.9285    0.4528    0.0685
19.458333 19.500000    5.1778    0.7384    0.3822    0.0545
19.500000 19.541667    3.9003    0.9001    0.2879    0.0664
19.541667 19.583333    3.0315    1.1671    0.2238    0.0862
19.583333 19.625000    3.2912    0.7176    0.2430    0.0530
19.625000 19.666667    3.5918    1.7125    0.2652    0.1264
19.666667 19.708333   10.4697    3.6458    0.7729    0.2691
19.708333 19.750000    7.5922    3.2773    0.5605    0.2419
19.750000 19.791667    7.4295    2.4346    0.5485    0.1797
19.791667 19.833333    6.8356    2.7876    0.5046    0.2058
19.833333 19.875000    7.8321    2.2852    0.5782    0.1687
19.875000 19.916667    8.1767    2.6244    0.6036    0.1937
19.916667 19.958333    7.0801    2.7761    0.5227    0.2049
19.958333 20.000000    6.1167    2.3624    0.4516    0.1744
20.000000 20.041667    5.8493    1.8929    0.4318    0.1397
20.041667 20.083333    5.3709    1.7751    0.3965    0.1310
20.083333 20.125000    4.4431    1.7943    0.3280    0.1325
20.125000 20.166667    3.5949    1.6692    0.2654    0.1232
20.166667 20.208333    3.1167    1.5440    0.2301    0.1140
20.208333 20.250000    3.2946    1.5859    0.2432    0.1171
20.250000 20.291667    5.3773    0.9905    0.3970    0.0731
20.291667 20.333333    5.8551    1.1177    0.4322    0.0825
20.333333 20.375000    6.4745    0.9949    0.4780    0.0734
20.375000 20.416667    6.7531    0.6784    0.4985    0.0501
20.416667 20.458333    4.8651    0.4543    0.3592    0.0335
20.458333 20.500000    3.7995    0.2929    0.2805    0.0216
20.500000 20.541667    2.9556    0.1744    0.2182    0.0129
20.541667 20.583333    2.1874    0.1263    0.1615    0.0093
20.583333 20.625000    2.0495    0.1639    0.1513    0.0121
20.625000 20.666667    1.7718    0.0778    0.1308    0.0057
20.666667 20.708333    2.5101    0.2893    0.1853    0.0214
20.708333 20.750000    2.1726    0.1283    0.1604    0.0095
20.750000 20.791667    1.9587    0.0296    0.1446    0.0022
20.791667 20.833333    1.8429    0.0234    0.1361    0.0017
20.833333 20.875000    1.8805    0.0498    0.1388    0.0037
20.875000 20.916667    2.1793    0.1555    0.1609    0.0115
20.916667 20.958333    2.4634    0.0363    0.1819    0.0027
20.958333 21.000000    1.9771    0.1969    0.1460    0.0145
21.000000 21.041667    1.8131    0.4757    0.1339    0.0351
21.041667 21.083333    1.8339    0.5288    0.1354    0.0390
21.083333 21.125000    2.1325    0.6232    0.1574    0.0460
21.125000 21.166667    2.8334    0.9711    0.2092    0.0717
21.166667 21.208333    2.9380    1.1115    0.2169    0.0821
21.208333 21.250000    3.1454    1.0550    0.2322    0.0779
21.250000 21.291667    3.8615    0.9597    0.2851    0.0708
21.291667 21.333333    4.1601    0.7741    0.3071    0.0571
21.333333 21.375000    3.4277    0.4175    0.2530    0.0308
21.375000 21.416667    3.2283    0.3957    0.2383    0.0292
21.416667 21.458333    2.5819    0.0166    0.1906    0.0012
21.458333 21.500000    2.0936    0.0402    0.1546    0.0030
21.500000 21.541667    1.7129    0.0411    0.1265    0.0030
21.541667 21.583333    1.5612    0.0323    0.1153    0.0024
21.583333 21.625000    1.7666    0.1668    0.1304    0.0123
21.625000 21.666667    1.9705    0.1321    0.1455    0.0098
21.666667 21.708333    1.9625    0.2632    0.1449    0.0194
21.708333 21.750000    1.8933    0.1696    0.1398    0.0125
21.750000 21.791667    1.9105    0.2985    0.1410    0.0220
21.791667 21.833333    1.9536    0.3395    0.1442    0.0251
21.833333 21.875000    2.4785    0.6721    0.1830    0.0496
21.875000 21.916667    1.7323    0.0264    0.1279    0.0019
21.916667 21.958333    1.5774    0.0680    0.1164    0.0050
21.958333 22.000000    1.8581    0.0343    0.1372    0.0025
22.000000 22.041667    1.6504    0.3507    0.1218    0.0259
22.041667 22.083333    1.3614    0.3836    0.1005    0.0283
22.083333 22.125000    0.7307    0.2303    0.0539    0.0170
22.125000 22.166667    1.1089    0.0290    0.0819    0.0021
22.166667 22.208333    2.7487    0.0867    0.2029    0.0064
