tests/testdata/PMF_Absorption/Payerne_absorption_20171201_3mo_PMF_lev3.nas
25, 1001
Hueglin,  Christoph 
CH01L, Swiss Federal Laboratories for Materials Science and Technology, EMPA, , , ,CH-8600, Duebendorf, Switzerland
EIMPS Winter campaign (20171201 - 20180301), Aethalometer data (hourly), PMF applied
EMEP CAMPAIGN COLOSSAL
1 1
2017 12 01 2018 03 01
0.041667
days from file reference point
5
1 1 1 1 1
999.999999 999.9999 999.9999 999.9999 999.9999
end_time of measurement, days from the file reference point
Babs_bb, 1/Mm 
Babs_ff, 1/Mm 
eBC_bb, ug/m3 
eBC_ff, ug/m3 
Startdate: 20171201000000
Station name: Payerne
Station latitude:  46.813 
Station longitude:   6.945 
Station altitude: 489.0m 
MAC_880nm: 14.4398
Comment: Conversion factor (MAC_880nm) for Babs to eBC [ug/m3] using colocated EC where available. Should not necessarily be interpreted as "true MAC". Where no colocated EC data was available we have used instrument MAC vales (7.77 for AE33 16.6 for AE31)
starttime  endtime    Babs_bb   Babs_ff    eBC_bb    eBC_ff
[from data line 1601]
66.708333 66.750000    6.0756    3.5764    0.4208    0.2477
66.750000 66.791667    5.8629    3.7717    0.4060    0.2612
66.791667 66.833333    3.6641    2.4488    0.2538    0.1696
66.833333 66.875000    4.8565    3.1325    0.3363    0.2169
66.875000 66.916667    5.0379    4.2932    0.3489    0.2973
66.916667 66.958333    4.9955    3.6163    0.3460    0.2504
66.958333 67.000000    4.6723    2.9904    0.3236    0.2071
67.000000 67.041667    4.4717    2.7612    0.3097    0.1912
67.041667 67.083333    4.6660    2.5888    0.3231    0.1793
67.083333 67.125000    4.9454    2.5446    0.3425    0.1762
67.125000 67.166667    5.0136    2.6227    0.3472    0.1816
67.166667 67.208333    5.6066    2.6176    0.3883    0.1813
67.208333 67.250000    5.6617    2.7859    0.3921    0.1929
67.250000 67.291667    6.1230    3.0342    0.4240    0.2101
67.291667 67.333333    9.7887    3.7832    0.6779    0.2620
67.333333 67.375000    9.7624    3.6998    0.6761    0.2562
67.375000 67.416667    8.1924    3.2259    0.5673    0.2234
67.416667 67.458333    6.0070    2.7455    0.4160    0.1901
67.458333 67.500000    7.0334    2.9461    0.4871    0.2040
67.500000 67.541667    7.7357    2.8847    0.5357    0.1998
67.541667 67.583333    7.9670    2.8989    0.5517    0.2008
67.583333 67.625000    8.0804    3.1208    0.5596    0.2161
67.625000 67.666667    8.4645    2.9958    0.5862    0.2075
67.666667 67.708333    8.5602    2.9778    0.5928    0.2062
67.708333 67.750000    7.9366    3.3857    0.5496    0.2345
67.750000 67.791667   13.7783    4.7196    0.9542    0.3268
67.791667 67.833333   11.6572    4.1303    0.8073    0.2860
67.833333 67.875000    9.3857    4.3228    0.6500    0.2994
67.875000 67.916667    7.5412    3.8582    0.5223    0.2672
67.916667 67.958333    7.9862    3.9594    0.5531    0.2742
67.958333 68.000000    8.2618    4.2483    0.5722    0.2942
68.000000 68.041667    8.7285    4.7718    0.6045    0.3305
68.041667 68.083333    8.4247    4.8741    0.5834    0.3375
68.083333 68.125000    8.2743    5.1059    0.5730    0.3536
68.125000 68.166667    8.2658    5.2772    0.5724    0.3655
68.166667 68.208333    8.2469    5.4786    0.5711    0.3794
68.208333 68.250000    9.5585    5.9407    0.6620    0.4114
68.250000 68.291667   11.5810    5.2057    0.8020    0.3605
68.291667 68.333333   12.9437    5.4494    0.8964    0.3774
68.333333 68.375000   14.5496    5.7452    1.0076    0.3979
68.375000 68.416667   14.9665    7.0428    1.0365    0.4877
68.416667 68.458333   12.5825    6.9507    0.8714    0.4814
68.458333 68.500000   11.4232    6.3061    0.7911    0.4367
68.500000 68.541667    8.5166    4.7843    0.5898    0.3313
68.541667 68.583333   10.1544    4.8376    0.7032    0.3350
68.583333 68.625000    6.1052    2.9050    0.4228    0.2012
68.625000 68.666667    4.3683    1.9609    0.3025    0.1358
68.666667 68.708333    3.7772    1.7566    0.2616    0.1217
68.708333 68.750000    4.5314    1.8794    0.3138    0.1302
68.750000 68.791667    3.8614    2.0445    0.2674    0.1416
68.791667 68.833333    3.7681    3.2560    0.2609    0.2255
68.833333 68.875000    2.8465    1.8733    0.1971    0.1297
68.875000 68.916667    3.9872    2.1872    0.2761    0.1515
68.916667 68.958333    2.8467    3.8054    0.1971    0.2635
68.958333 69.000000    2.9664    4.1414    0.2054    0.2868
69.000000 69.041667    2.4169    2.6411    0.1674    0.1829
69.041667 69.083333    2.5688    2.6938    0.1779    0.1866
69.083333 69.125000    3.1846    3.0602    0.2205    0.2119
69.125000 69.166667    3.2780    3.0233    0.2270    0.2094
69.166667 69.208333    4.8849    3.0915    0.3383    0.2141
69.208333 69.250000  999.9999  999.9999  999.9999  999.9999
69.250000 69.291667    4.4182    2.2768    0.3060    0.1577
69.291667 69.333333    6.4172    2.5180    0.4444    0.1744
69.333333 69.375000    7.0962    2.7567    0.4914    0.1909
69.375000 69.416667    7.0132    2.8876    0.4857    0.2000
69.416667 69.458333    7.8688    3.0767    0.5449    0.2131
69.458333 69.500000    8.5825    3.5244    0.5944    0.2441
69.500000 69.541667    7.8269    3.5335    0.5420    0.2447
69.541667 69.583333    8.2437    3.7320    0.5709    0.2585
69.583333 69.625000    8.4831    3.7803    0.5875    0.2618
69.625000 69.666667    9.5952    4.0636    0.6645    0.2814
69.666667 69.708333    8.8059    3.4912    0.6098    0.2418
69.708333 69.750000   10.6339    4.3556    0.7364    0.3016
69.750000 69.791667    9.1920    4.9261    0.6366    0.3412
69.791667 69.833333   11.4462    8.9101    0.7927    0.6171
69.833333 69.875000   10.4102    8.1762    0.7209    0.5662
69.875000 69.916667    9.1383    6.3496    0.6329    0.4397
69.916667 69.958333    8.6212    6.6920    0.5970    0.4634
69.958333 70.000000    8.4696    6.8823    0.5865    0.4766
70.000000 70.041667    8.5511    7.0570    0.5922    0.4887
70.041667 70.083333    8.2382    6.3792    0.5705    0.4418
70.083333 70.125000    8.7775    5.6901    0.6079    0.3941
70.125000 70.166667    8.8745    4.5382    0.6146    0.3143
70.166667 70.208333    9.1350    4.7932    0.6326    0.3319
70.208333 70.250000    9.6822    6.2391    0.6705    0.4321
70.250000 70.291667    9.5344    6.0689    0.6603    0.4203
70.291667 70.333333   11.3130    6.5092    0.7835    0.4508
70.333333 70.375000   12.6954    6.1379    0.8792    0.4251
70.375000 70.416667   11.3377    4.7509    0.7852    0.3290
70.416667 70.458333   12.1633    5.3837    0.8423    0.3728
70.458333 70.500000   13.6720    6.0749    0.9468    0.4207
70.500000 70.541667   11.4698    5.1353    0.7943    0.3556
70.541667 70.583333    9.0048    4.1680    0.6236    0.2886
70.583333 70.625000    6.1754    2.7915    0.4277    0.1933
70.625000 70.666667    5.3345    2.2511    0.3694    0.1559
70.666667 70.708333    6.5022    3.1431    0.4503    0.2177
70.708333 70.750000    7.6043    4.0506    0.5266    0.2805
70.750000 70.791667   10.1543    4.6056    0.7032    0.3190
70.791667 70.833333    3.9617    2.4082    0.2744    0.1668
70.833333 70.875000    7.1513    4.9069    0.4952    0.3398
70.875000 70.916667    6.0184    6.2967    0.4168    0.4361
70.916667 70.958333    6.6312    6.2136    0.4592    0.4303
70.958333 71.000000    6.3766    6.5643    0.4416    0.4546
71.000000 71.041667    5.6362    7.3350    0.3903    0.5080
71.041667 71.083333    5.5887    5.4482    0.3870    0.3773
71.083333 71.125000    4.9045    3.9122    0.3397    0.2709
71.125000 71.166667    5.6998    4.0258    0.3947    0.2788
71.166667 71.208333    4.0976    3.6351    0.2838    0.2517
71.208333 71.250000    2.0149    0.7230    0.1395    0.0501
71.250000 71.291667    2.5869    1.3721    0.1791    0.0950
71.291667 71.333333    1.7319    1.6380    0.1199    0.1134
71.333333 71.375000    2.0557    1.5889    0.1424    0.1100
71.375000 71.416667    3.2153    1.3579    0.2227    0.0940
71.416667 71.458333    2.6845    1.3433    0.1859    0.0930
71.458333 71.500000    1.8638    0.9521    0.1291    0.0659
71.500000 71.541667    1.5835    0.7271    0.1097    0.0504
71.541667 71.583333    1.4491    0.6566    0.1004    0.0455
71.583333 71.625000    1.4299    0.7540    0.0990    0.0522
71.625000 71.666667    1.1469    0.7884    0.0794    0.0546
71.666667 71.708333    0.9109    0.9553    0.0631    0.0662
71.708333 71.750000    0.3313    3.0968    0.0229    0.2145
71.750000 71.791667    1.3184    2.1699    0.0913    0.1503
71.791667 71.833333    1.7474    2.7447    0.1210    0.1901
71.833333 71.875000    2.1207    1.2090    0.1469    0.0837
71.875000 71.916667    1.8367    1.2512    0.1272    0.0867
71.916667 71.958333    1.3472    1.0580    0.0933    0.0733
71.958333 72.000000    1.4684    2.7798    0.1017    0.1925
72.000000 72.041667    1.6720    3.0650    0.1158    0.2123
72.041667 72.083333    1.4690    2.5714    0.1017    0.1781
72.083333 72.125000    1.2895    1.8724    0.0893    0.1297
72.125000 72.166667    1.0563    1.5062    0.0732    0.1043
72.166667 72.208333    0.8724    1.4236    0.0604    0.0986
72.208333 72.250000    1.2243    1.5057    0.0848    0.1043
72.250000 72.291667    1.1134    1.8291    0.0771    0.1267
72.291667 72.333333    0.9758    2.2627    0.0676    0.1567
72.333333 72.375000    1.1770    2.0938    0.0815    0.1450
72.375000 72.416667    1.2687    1.6131    0.0879    0.1117
72.416667 72.458333    1.7230    1.6415    0.1193    0.1137
72.458333 72.500000    1.5511    1.2937    0.1074    0.0896
72.500000 72.541667    1.4587    0.9736    0.1010    0.0674
72.541667 72.583333    1.8215    1.1836    0.1261    0.0820
72.583333 72.625000    1.9491    1.2642    0.1350    0.0876
72.625000 72.666667    1.7859    1.7359    0.1237    0.1202
72.666667 72.708333    2.2098    1.4977    0.1530    0.1037
72.708333 72.750000    2.1350    1.5563    0.1479    0.1078
72.750000 72.791667    1.8259    1.6790    0.1264    0.1163
72.791667 72.833333    1.8094    1.8246    0.1253    0.1264
72.833333 72.875000    1.4621    1.4395    0.1013    0.0997
72.875000 72.916667    1.4941    1.7063    0.1035    0.1182
72.916667 72.958333    1.2597    1.7151    0.0872    0.1188
72.958333 73.000000    1.1061    1.6733    0.0766    0.1159
73.000000 73.041667    1.1986    1.7632    0.0830    0.1221
73.041667 73.083333    0.9295    1.4853    0.0644    0.1029
73.083333 73.125000    0.5464    0.6709    0.0378    0.0465
73.125000 73.166667    0.6338    0.7316    0.0439    0.0507
73.166667 73.208333    0.4924    0.4471    0.0341    0.0310
73.208333 73.250000    0.5377    0.2910    0.0372    0.0202
73.250000 73.291667    1.0273    0.2531    0.0711    0.0175
73.291667 73.333333    1.4235    0.2515    0.0986    0.0174
73.333333 73.375000    0.6832    0.2349    0.0473    0.0163
73.375000 73.416667    0.9957    0.3644    0.0690    0.0252
73.416667 73.458333    0.8518    0.2832    0.0590    0.0196
73.458333 73.500000    0.6288    0.2143    0.0435    0.0148
73.500000 73.541667    0.4619    0.1794    0.0320    0.0124
73.541667 73.583333    0.5146    0.1977    0.0356    0.0137
73.583333 73.625000    0.5081    0.2078    0.0352    0.0144
73.625000 73.666667    0.6376    0.3072    0.0442    0.0213
73.666667 73.708333    1.1416    0.4418    0.0791    0.0306
73.708333 73.750000    1.7326    1.0852    0.1200    0.0751
73.750000 73.791667    3.0134    1.5487    0.2087    0.1073
73.791667 73.833333    1.5842    1.4590    0.1097    0.1010
73.833333 73.875000    1.0648    1.7994    0.0737    0.1246
73.875000 73.916667    1.6167    1.6052    0.1120    0.1112
73.916667 73.958333    2.3951    2.2987    0.1659    0.1592
73.958333 74.000000    1.5465    1.6008    0.1071    0.1109
74.000000 74.041667    0.8524    1.8103    0.0590    0.1254
74.041667 74.083333    0.8536    2.1565    0.0591    0.1493
74.083333 74.125000    1.0782    2.7689    0.0747    0.1918
74.125000 74.166667    1.1754    2.6186    0.0814    0.1813
74.166667 74.208333    1.3520    2.5841    0.0936    0.1790
74.208333 74.250000    1.3855    2.1210    0.0959    0.1469
74.250000 74.291667    2.1202    2.3771    0.1468    0.1646
74.291667 74.333333    3.4210    2.3963    0.2369    0.1660
74.333333 74.375000    6.0428    2.2802    0.4185    0.1579
74.375000 74.416667    3.3409    1.7659    0.2314    0.1223
74.416667 74.458333    2.3423    1.2346    0.1622    0.0855
74.458333 74.500000    2.3676    1.1697    0.1640    0.0810
74.500000 74.541667    2.6378    1.4506    0.1827    0.1005
74.541667 74.583333    2.5532    1.2538    0.1768    0.0868
74.583333 74.625000    2.2958    1.1896    0.1590    0.0824
74.625000 74.666667    2.2906    1.1537    0.1586    0.0799
74.666667 74.708333    2.2296    1.2156    0.1544    0.0842
74.708333 74.750000    3.8899    2.5429    0.2694    0.1761
74.750000 74.791667    3.7871    1.7186    0.2623    0.1190
74.791667 74.833333    3.5375    2.9696    0.2450    0.2057
74.833333 74.875000    3.6042    4.1647    0.2496    0.2884
74.875000 74.916667    2.3293    4.9883    0.1613    0.3455
74.916667 74.958333    4.1426    3.8275    0.2869    0.2651
74.958333 75.000000    3.2526    4.3679    0.2253    0.3025
75.000000 75.041667    2.7727    4.5116    0.1920    0.3124
75.041667 75.083333    1.8791    4.7083    0.1301    0.3261
75.083333 75.125000    2.2079    5.0497    0.1529    0.3497
75.125000 75.166667    2.7312    4.3618    0.1891    0.3021
75.166667 75.208333    3.0297    4.4564    0.2098    0.3086
75.208333 75.250000    2.8791    4.5200    0.1994    0.3130
75.250000 75.291667    3.1439    5.0140    0.2177    0.3472
75.291667 75.333333    5.0956    6.0120    0.3529    0.4163
75.333333 75.375000    5.2551    5.8581    0.3639    0.4057
75.375000 75.416667    3.9928    4.3250    0.2765    0.2995
75.416667 75.458333    3.1526    4.2023    0.2183    0.2910
75.458333 75.500000    4.1558    4.7449    0.2878    0.3286
75.500000 75.541667    4.1634    3.7614    0.2883    0.2605
75.541667 75.583333    2.2336    1.3973    0.1547    0.0968
75.583333 75.625000    3.8908    2.4506    0.2695    0.1697
75.625000 75.666667    3.6664    2.1376    0.2539    0.1480
75.666667 75.708333    3.5701    2.0126    0.2472    0.1394
75.708333 75.750000    3.8989    2.0259    0.2700    0.1403
75.750000 75.791667    4.8172    3.0673    0.3336    0.2124
75.791667 75.833333    5.6545    4.4561    0.3916    0.3086
75.833333 75.875000    4.4860    5.6698    0.3107    0.3927
75.875000 75.916667    5.2919    4.9260    0.3665    0.3411
75.916667 75.958333    4.8801    4.6797    0.3380    0.3241
75.958333 76.000000    4.1041    4.9768    0.2842    0.3447
76.000000 76.041667    3.9703    5.2398    0.2750    0.3629
76.041667 76.083333    4.0191    4.4575    0.2783    0.3087
76.083333 76.125000    3.6617    4.1483    0.2536    0.2873
76.125000 76.166667    3.7073    4.8070    0.2567    0.3329
76.166667 76.208333    4.0652    4.5365    0.2815    0.3142
76.208333 76.250000    4.4799    4.8614    0.3102    0.3367
76.250000 76.291667    4.3016    5.1933    0.2979    0.3597
76.291667 76.333333    5.7618    5.8865    0.3990    0.4077
76.333333 76.375000    5.0053    4.8929    0.3466    0.3388
76.375000 76.416667    4.7309    3.1338    0.3276    0.2170
76.416667 76.458333    1.7005    0.6130    0.1178    0.0424
76.458333 76.500000    1.4564    0.4493    0.1009    0.0311
76.500000 76.541667    1.2864    0.4080    0.0891    0.0283
76.541667 76.583333    1.4788    0.4360    0.1024    0.0302
76.583333 76.625000    1.7263    0.6226    0.1196    0.0431
76.625000 76.666667    1.9294    0.7653    0.1336    0.0530
76.666667 76.708333    2.4688    0.9113    0.1710    0.0631
76.708333 76.750000    2.6275    0.9554    0.1820    0.0662
76.750000 76.791667    2.4764    1.3154    0.1715    0.0911
76.791667 76.833333    2.5560    1.5688    0.1770    0.1086
76.833333 76.875000    2.4838    1.6671    0.1720    0.1155
76.875000 76.916667    3.4399    2.4844    0.2382    0.1720
76.916667 76.958333    1.5252    2.0352    0.1056    0.1409
76.958333 77.000000    2.1277    1.7991    0.1474    0.1246
77.000000 77.041667    2.1972    1.7416    0.1522    0.1206
77.041667 77.083333    2.0826    1.7031    0.1442    0.1179
77.083333 77.125000    2.0612    1.5823    0.1427    0.1096
77.125000 77.166667    1.8294    1.4788    0.1267    0.1024
77.166667 77.208333    1.5688    1.2201    0.1086    0.0845
77.208333 77.250000    1.2407    0.7576    0.0859    0.0525
77.250000 77.291667    1.5646    0.7136    0.1084    0.0494
77.291667 77.333333    1.9569    1.0058    0.1355    0.0697
77.333333 77.375000    2.5277    1.1561    0.1751    0.0801
77.375000 77.416667    2.9265    1.2169    0.2027    0.0843
77.416667 77.458333    6.3030    2.7704    0.4365    0.1919
77.458333 77.500000    4.4300    1.6308    0.3068    0.1129
77.500000 77.541667    2.9313    1.1523    0.2030    0.0798
77.541667 77.583333    1.5629    0.5494    0.1082    0.0380
77.583333 77.625000    1.2974    0.6454    0.0898    0.0447
77.625000 77.666667    1.7366    0.7088    0.1203    0.0491
77.666667 77.708333    2.1261    0.9667    0.1472    0.0670
77.708333 77.750000    2.1981    1.2904    0.1522    0.0894
