tests/testdata/PMF_Absorption/Payerne_absorption_20171201_3mo_PMF_lev3.nas
25, 1001
Hueglin,  Christoph 
CH01L, Swiss Federal Laboratories for Materials Science and Technology, EMPA, , , ,CH-8600, Duebendorf, Switzerland
EIMPS Winter campaign (20171201 - 20180301), Aethalometer data (hourly), PMF applied
EMEP CAMPAIGN COLOSSAL
1 1
2017 12 01 2018 03 01
0.041667
days from file reference point
5
1 1 1 1 1
999.999999 999.9999 999.9999 999.9999 999.9999
end_time of measurement, days from the file reference point
Babs_bb, 1/Mm 
Babs_ff, 1/Mm 
eBC_bb, ug/m3 
eBC_ff, ug/m3 
Startdate: 20171201000000
Station name: Payerne
Station latitude:  46.813 
Station longitude:   6.945 
Station altitude: 489.0m 
MAC_880nm: 14.4398
Comment: Conversion factor (MAC_880nm) for Babs to eBC [ug/m3] using colocated EC where available. Should not necessarily be interpreted as "true MAC". Where no colocated EC data was available we have used instrument MAC vales (7.77 for AE33 16.6 for AE31)
starttime  endtime    Babs_bb   Babs_ff    eBC_bb    eBC_ff
[from data line 534]
22.250000 22.291667    6.5080    5.0595    0.4507    0.3504
22.291667 22.333333    7.0777    5.2796    0.4902    0.3656
22.333333 22.375000    8.2131    5.0537    0.5688    0.3500
22.375000 22.416667    7.7800    4.7339    0.5388    0.3278
22.416667 22.458333    3.6457    1.4397    0.2525    0.0997
22.458333 22.500000    1.7818    0.3919    0.1234    0.0271
22.500000 22.541667    1.8507    0.5265    0.1282    0.0365
22.541667 22.583333    2.7504    1.1184    0.1905    0.0775
22.583333 22.625000    1.9796    0.4938    0.1371    0.0342
22.625000 22.666667    2.7173    0.5049    0.1882    0.0350
22.666667 22.708333    2.3830    0.6169    0.1650    0.0427
22.708333 22.750000    2.3341    0.8195    0.1616    0.0568
22.750000 22.791667    2.2391    0.7303    0.1551    0.0506
22.791667 22.833333    2.4528    0.8498    0.1699    0.0588
22.833333 22.875000    2.5814    0.6320    0.1788    0.0438
22.875000 22.916667    2.6322    1.0186    0.1823    0.0705
22.916667 22.958333    2.2909    0.8364    0.1587    0.0579
22.958333 23.000000    2.2438    0.9085    0.1554    0.0629
23.000000 23.041667    2.2399    1.0412    0.1551    0.0721
23.041667 23.083333    2.2220    1.1091    0.1539    0.0768
23.083333 23.125000    2.0193    1.0252    0.1398    0.0710
23.125000 23.166667    2.1203    1.1581    0.1468    0.0802
23.166667 23.208333    2.1023    1.2281    0.1456    0.0850
23.208333 23.250000    2.0847    1.3577    0.1444    0.0940
23.250000 23.291667    2.1408    1.7367    0.1483    0.1203
23.291667 23.333333    2.1171    1.8462    0.1466    0.1279
23.333333 23.375000    1.9814    1.6546    0.1372    0.1146
23.375000 23.416667    1.9887    1.6354    0.1377    0.1133
23.416667 23.458333    1.9575    1.5111    0.1356    0.1046
23.458333 23.500000    2.1518    1.3621    0.1490    0.0943
23.500000 23.541667    2.3567    1.2722    0.1632    0.0881
23.541667 23.583333    2.6709    1.0818    0.1850    0.0749
23.583333 23.625000    2.8255    1.0575    0.1957    0.0732
23.625000 23.666667    3.0945    1.2185    0.2143    0.0844
23.666667 23.708333    3.3022    1.4832    0.2287    0.1027
23.708333 23.750000    3.7853    1.4437    0.2621    0.1000
23.750000 23.791667    3.5019    1.8647    0.2425    0.1291
23.791667 23.833333    3.2379    1.5672    0.2242    0.1085
23.833333 23.875000    3.1795    1.3677    0.2202    0.0947
23.875000 23.916667    3.1159    1.5399    0.2158    0.1066
23.916667 23.958333    2.8659    1.6432    0.1985    0.1138
23.958333 24.000000    2.3958    1.6326    0.1659    0.1131
24.000000 24.041667    2.4753    1.8160    0.1714    0.1258
24.041667 24.083333    2.5476    2.0062    0.1764    0.1389
24.083333 24.125000    2.4298    2.0371    0.1683    0.1411
24.125000 24.166667    2.3053    1.8795    0.1597    0.1302
24.166667 24.208333    2.2374    1.9617    0.1549    0.1359
24.208333 24.250000    2.1494    1.7748    0.1489    0.1229
24.250000 24.291667    1.9740    1.6054    0.1367    0.1112
24.291667 24.333333    1.9754    1.6204    0.1368    0.1122
24.333333 24.375000    1.8386    1.5720    0.1273    0.1089
24.375000 24.416667    1.8959    1.4489    0.1313    0.1003
24.416667 24.458333    2.1593    1.5049    0.1495    0.1042
24.458333 24.500000    2.2707    1.4214    0.1573    0.0984
24.500000 24.541667    2.3976    1.3460    0.1660    0.0932
24.541667 24.583333    2.6002    1.3681    0.1801    0.0947
24.583333 24.625000    3.0425    1.6945    0.2107    0.1174
24.625000 24.666667    3.3460    1.6272    0.2317    0.1127
24.666667 24.708333    3.5637    1.8395    0.2468    0.1274
24.708333 24.750000    3.8401    2.1407    0.2659    0.1482
24.750000 24.791667    3.8015    1.6640    0.2633    0.1152
24.791667 24.833333    3.9741    1.7801    0.2752    0.1233
24.833333 24.875000    3.9551    1.7718    0.2739    0.1227
24.875000 24.916667    3.5980    2.1555    0.2492    0.1493
24.916667 24.958333    3.3260    1.9879    0.2303    0.1377
24.958333 25.000000    1.9619    1.6569    0.1359    0.1147
25.000000 25.041667    2.6154    1.6625    0.1811    0.1151
25.041667 25.083333    5.1765    1.6224    0.3585    0.1124
25.083333 25.125000    5.6130    1.7558    0.3887    0.1216
25.125000 25.166667    5.2869    1.8175    0.3661    0.1259
25.166667 25.208333    2.6184    1.5396    0.1813    0.1066
25.208333 25.250000    2.4587    1.6979    0.1703    0.1176
25.250000 25.291667    3.4331    1.9842    0.2378    0.1374
25.291667 25.333333    4.3034    2.5350    0.2980    0.1756
25.333333 25.375000    2.8428    1.9469    0.1969    0.1348
25.375000 25.416667    0.6691    0.3848    0.0463    0.0267
25.416667 25.458333    0.5035    0.2778    0.0349    0.0192
25.458333 25.500000    0.3903    0.1295    0.0270    0.0090
25.500000 25.541667    0.3887    0.1438    0.0269    0.0100
25.541667 25.583333    0.5974    0.3001    0.0414    0.0208
25.583333 25.625000    0.6626    0.4135    0.0459    0.0286
25.625000 25.666667    0.5054    0.3384    0.0350    0.0234
25.666667 25.708333    0.5595    0.3631    0.0387    0.0251
25.708333 25.750000    0.7722    1.1391    0.0535    0.0789
25.750000 25.791667    1.7906    1.5886    0.1240    0.1100
25.791667 25.833333    1.1965    1.6308    0.0829    0.1129
25.833333 25.875000    1.6655    2.1469    0.1153    0.1487
25.875000 25.916667    1.3404    2.8799    0.0928    0.1994
25.916667 25.958333    1.0469    2.4000    0.0725    0.1662
25.958333 26.000000    1.1140    2.1238    0.0772    0.1471
26.000000 26.041667    1.2991    2.4709    0.0900    0.1711
26.041667 26.083333    1.6603    2.8996    0.1150    0.2008
26.083333 26.125000    1.9203    2.8654    0.1330    0.1984
26.125000 26.166667    1.9517    2.2302    0.1352    0.1544
26.166667 26.208333    1.8202    2.0722    0.1261    0.1435
26.208333 26.250000    2.1887    2.4822    0.1516    0.1719
26.250000 26.291667    3.0823    2.4016    0.2135    0.1663
26.291667 26.333333    3.7775    2.6461    0.2616    0.1832
26.333333 26.375000    3.5102    3.2346    0.2431    0.2240
26.375000 26.416667    2.9697    3.7700    0.2057    0.2611
26.416667 26.458333    3.3824    1.6052    0.2342    0.1112
26.458333 26.500000    2.0310    0.6168    0.1407    0.0427
26.500000 26.541667    0.9289    0.0125    0.0643    0.0009
26.541667 26.583333    0.7278    0.1027    0.0504    0.0071
26.583333 26.625000    0.7923    0.2391    0.0549    0.0166
26.625000 26.666667    1.0021    0.5625    0.0694    0.0390
26.666667 26.708333    0.9913    0.5229    0.0686    0.0362
26.708333 26.750000    0.7763    0.3435    0.0538    0.0238
26.750000 26.791667    0.5833    0.3629    0.0404    0.0251
26.791667 26.833333    0.3746    0.2135    0.0259    0.0148
26.833333 26.875000    0.3495    0.2189    0.0242    0.0152
26.875000 26.916667    0.3107    0.2000    0.0215    0.0138
26.916667 26.958333    0.3178    0.2077    0.0220    0.0144
26.958333 27.000000    0.2516    0.1690    0.0174    0.0117
27.000000 27.041667    0.2202    0.1393    0.0153    0.0096
27.041667 27.083333    0.2014    0.0916    0.0139    0.0063
27.083333 27.125000    0.1725    0.0226    0.0119    0.0016
27.125000 27.166667    0.1656    0.0149    0.0115    0.0010
27.166667 27.208333    0.2217    0.0340    0.0154    0.0024
27.208333 27.250000    0.2312    0.0768    0.0160    0.0053
27.250000 27.291667    0.3278    0.1661    0.0227    0.0115
27.291667 27.333333    0.3911    0.1953    0.0271    0.0135
27.333333 27.375000    0.5351    0.3163    0.0371    0.0219
27.375000 27.416667    0.7306    0.4055    0.0506    0.0281
27.416667 27.458333    0.6879    0.4828    0.0476    0.0334
27.458333 27.500000    0.6729    0.4290    0.0466    0.0297
27.500000 27.541667    0.5752    0.4134    0.0398    0.0286
27.541667 27.583333    0.5755    0.3819    0.0399    0.0264
27.583333 27.625000    0.5929    0.4287    0.0411    0.0297
27.625000 27.666667    0.6291    0.3724    0.0436    0.0258
27.666667 27.708333    0.8055    0.8177    0.0558    0.0566
27.708333 27.750000    1.5176    1.2434    0.1051    0.0861
27.750000 27.791667    1.2685    1.8407    0.0878    0.1275
27.791667 27.833333    2.0379    2.1822    0.1411    0.1511
27.833333 27.875000    1.3209    2.8772    0.0915    0.1993
27.875000 27.916667    1.3541    3.5325    0.0938    0.2446
27.916667 27.958333    0.6381    3.8780    0.0442    0.2686
27.958333 28.000000    0.8708    3.2035    0.0603    0.2219
28.000000 28.041667    0.8485    3.0679    0.0588    0.2125
28.041667 28.083333    0.9020    2.6319    0.0625    0.1823
28.083333 28.125000    1.0205    2.0286    0.0707    0.1405
28.125000 28.166667    1.0579    2.1516    0.0733    0.1490
28.166667 28.208333    1.3772    2.6469    0.0954    0.1833
28.208333 28.250000    1.3354    2.2911    0.0925    0.1587
28.250000 28.291667    1.3243    2.1315    0.0917    0.1476
28.291667 28.333333    1.5185    1.7045    0.1052    0.1180
28.333333 28.375000    1.0682    0.6707    0.0740    0.0465
28.375000 28.416667    1.2846    0.8246    0.0890    0.0571
28.416667 28.458333    1.1849    0.7771    0.0821    0.0538
28.458333 28.500000    1.1029    0.6164    0.0764    0.0427
28.500000 28.541667    1.2409    0.7374    0.0859    0.0511
28.541667 28.583333    1.2752    0.8479    0.0883    0.0587
28.583333 28.625000    1.2548    0.9308    0.0869    0.0645
28.625000 28.666667    1.5367    1.0018    0.1064    0.0694
28.666667 28.708333    2.0455    1.8032    0.1417    0.1249
28.708333 28.750000    2.1107    1.9684    0.1462    0.1363
28.750000 28.791667    1.8208    1.8461    0.1261    0.1278
28.791667 28.833333    1.6875    1.7622    0.1169    0.1220
28.833333 28.875000    1.4498    1.3631    0.1004    0.0944
28.875000 28.916667    1.1235    0.9949    0.0778    0.0689
28.916667 28.958333    0.9508    0.9133    0.0658    0.0632
28.958333 29.000000    0.8060    0.6435    0.0558    0.0446
29.000000 29.041667    0.6726    0.4969    0.0466    0.0344
29.041667 29.083333    0.4835    0.2149    0.0335    0.0149
29.083333 29.125000    0.5167    0.2227    0.0358    0.0154
29.125000 29.166667    0.5355    0.2389    0.0371    0.0165
29.166667 29.208333    0.5050    0.2593    0.0350    0.0180
29.208333 29.250000    0.5647    0.2772    0.0391    0.0192
29.250000 29.291667    0.6483    0.3780    0.0449    0.0262
29.291667 29.333333    0.6403    0.3109    0.0443    0.0215
29.333333 29.375000    0.6306    0.2191    0.0437    0.0152
29.375000 29.416667    0.5733    0.1302    0.0397    0.0090
29.416667 29.458333    0.6138    0.1191    0.0425    0.0082
29.458333 29.500000    0.7343    0.1887    0.0509    0.0131
29.500000 29.541667    0.7977    0.2420    0.0552    0.0168
29.541667 29.583333    0.8824    0.2839    0.0611    0.0197
29.583333 29.625000    1.0103    0.4345    0.0700    0.0301
29.625000 29.666667    0.7472    0.5924    0.0517    0.0410
29.666667 29.708333    0.9245    0.5643    0.0640    0.0391
29.708333 29.750000    0.8730    0.5309    0.0605    0.0368
29.750000 29.791667    0.9826    0.5367    0.0680    0.0372
29.791667 29.833333    0.9556    0.6174    0.0662    0.0428
29.833333 29.875000    0.5568    0.9445    0.0386    0.0654
29.875000 29.916667    0.6545    0.6589    0.0453    0.0456
29.916667 29.958333    0.7279    0.8480    0.0504    0.0587
29.958333 30.000000    0.7285    0.7957    0.0505    0.0551
30.000000 30.041667    0.8278    0.8253    0.0573    0.0572
30.041667 30.083333    0.6166    0.7556    0.0427    0.0523
30.083333 30.125000    0.5409    0.7123    0.0375    0.0493
30.125000 30.166667    0.4841    0.6556    0.0335    0.0454
30.166667 30.208333    0.6188    0.7938    0.0429    0.0550
30.208333 30.250000    0.5575    0.7025    0.0386    0.0487
30.250000 30.291667    0.5650    0.6755    0.0391    0.0468
30.291667 30.333333    0.6763    0.8129    0.0468    0.0563
30.333333 30.375000    0.7636    0.8332    0.0529    0.0577
30.375000 30.416667    1.0599    1.2179    0.0734    0.0843
30.416667 30.458333    0.9696    0.9145    0.0672    0.0633
30.458333 30.500000    0.9921    0.6346    0.0687    0.0439
30.500000 30.541667    0.5993    0.3981    0.0415    0.0276
30.541667 30.583333    0.6087    0.3517    0.0422    0.0244
30.583333 30.625000    0.7890    0.3952    0.0546    0.0274
30.625000 30.666667    1.0692    0.6188    0.0740    0.0429
30.666667 30.708333    1.2571    0.7929    0.0871    0.0549
30.708333 30.750000    2.4666    1.1993    0.1708    0.0831
30.750000 30.791667    3.1109    2.3685    0.2154    0.1640
30.791667 30.833333    2.3039    2.6633    0.1596    0.1844
30.833333 30.875000    2.4490    3.8206    0.1696    0.2646
30.875000 30.916667    1.3964    2.3662    0.0967    0.1639
30.916667 30.958333    1.2521    1.0728    0.0867    0.0743
30.958333 31.000000    0.9950    0.9860    0.0689    0.0683
31.000000 31.041667    0.3862    0.6161    0.0267    0.0427
31.041667 31.083333  999.9999  999.9999  999.9999  999.9999
31.083333 31.125000  999.9999  999.9999  999.9999  999.9999
31.125000 31.166667  999.9999  999.9999  999.9999  999.9999
31.166667 31.208333  999.9999  999.9999  999.9999  999.9999
31.208333 31.250000  999.9999  999.9999  999.9999  999.9999
31.250000 31.291667    0.2020    0.0102    0.0140    0.0007
31.291667 31.333333    0.1840    0.0382    0.0127    0.0026
31.333333 31.375000    0.2340    0.0344    0.0162    0.0024
31.375000 31.416667    0.3663    0.0958    0.0254    0.0066
31.416667 31.458333    0.3558    0.1611    0.0246    0.0112
31.458333 31.500000    0.3166    0.1091    0.0219    0.0076
31.500000 31.541667    0.3499    0.1390    0.0242    0.0096
31.541667 31.583333    0.3069    0.1245    0.0213    0.0086
31.583333 31.625000    0.4303    0.2958    0.0298    0.0205
31.625000 31.666667    0.5175    0.4621    0.0358    0.0320
31.666667 31.708333    0.4069    0.2624    0.0282    0.0182
31.708333 31.750000    0.3812    0.3403    0.0264    0.0236
31.750000 31.791667    0.2882    0.2053    0.0200    0.0142
31.791667 31.833333    0.2471    0.1630    0.0171    0.0113
31.833333 31.875000    0.2031    0.1647    0.0141    0.0114
31.875000 31.916667    0.1769    0.1486    0.0122    0.0103
31.916667 31.958333    0.1838    0.1109    0.0127    0.0077
31.958333 32.000000    0.1618    0.1293    0.0112    0.0090
32.000000 32.041667    0.1425    0.0722    0.0099    0.0050
32.041667 32.083333    0.1505    0.0778    0.0104    0.0054
32.083333 32.125000    0.1746    0.1065    0.0121    0.0074
32.125000 32.166667    0.1053    0.0397    0.0073    0.0028
32.166667 32.208333    0.1159    0.0549    0.0080    0.0038
32.208333 32.250000    0.1859    0.1025    0.0129    0.0071
32.250000 32.291667    0.2633    0.1343    0.0182    0.0093
32.291667 32.333333    0.2482    0.1284    0.0172    0.0089
32.333333 32.375000    0.3060    0.1842    0.0212    0.0128
32.375000 32.416667    0.4861    0.2809    0.0337    0.0195
32.416667 32.458333    0.6351    0.3562    0.0440    0.0247
32.458333 32.500000    0.4620    0.2403    0.0320    0.0166
32.500000 32.541667    0.4763    0.2674    0.0330    0.0185
32.541667 32.583333    0.6508    0.3545    0.0451    0.0246
32.583333 32.625000    0.8575    0.4374    0.0594    0.0303
32.625000 32.666667    0.9001    0.4328    0.0623    0.0300
32.666667 32.708333    0.9472    0.5762    0.0656    0.0399
32.708333 32.750000    1.1005    0.8116    0.0762    0.0562
32.750000 32.791667    1.5258    1.3001    0.1057    0.0900
32.791667 32.833333    1.6342    1.4295    0.1132    0.0990
32.833333 32.875000    1.0720    1.2665    0.0742    0.0877
32.875000 32.916667    0.8482    0.9719    0.0587    0.0673
32.916667 32.958333    0.8082    1.0303    0.0560    0.0714
32.958333 33.000000    0.9451    1.1729    0.0655    0.0812
33.000000 33.041667    0.8684    1.0857    0.0601    0.0752
33.041667 33.083333    0.7209    0.8746    0.0499    0.0606
33.083333 33.125000    0.7067    0.8421    0.0489    0.0583
33.125000 33.166667    0.7197    0.6193    0.0498    0.0429
33.166667 33.208333    0.1883    0.7974    0.0130    0.0552
33.208333 33.250000    0.3099    0.6605    0.0215    0.0457
33.250000 33.291667    0.3821    0.4984    0.0265    0.0345
33.291667 33.333333    0.4143    0.3907    0.0287    0.0271
