tests/testdata/PMF_Absorption/Payerne_absorption_20171201_3mo_PMF_lev3.nas
25, 1001
Hueglin,  Christoph 
CH01L, Swiss Federal Laboratories for Materials Science and Technology, EMPA, , , ,CH-8600, Duebendorf, Switzerland
EIMPS Winter campaign (20171201 - 20180301), Aethalometer data (hourly), PMF applied
EMEP CAMPAIGN COLOSSAL
1 1
2017 12 01 2018 03 01
0.041667
days from file reference point
5
1 1 1 1 1
999.999999 999.9999 999.9999 999.9999 999.9999
end_time of measurement, days from the file reference point
Babs_bb, 1/Mm 
Babs_ff, 1/Mm 
eBC_bb, ug/m3 
eBC_ff, ug/m3 
Startdate: 20171201000000
Station name: Payerne
Station latitude:  46.813 
Station longitude:   6.945 
Station altitude: 489.0m 
MAC_880nm: 14.4398
Comment: Conversion factor (MAC_880nm) for Babs to eBC [ug/m3] using colocated EC where available. Should not necessarily be interpreted as "true MAC". Where no colocated EC data was available we have used instrument MAC vales (7.77 for AE33 16.6 for AE31)
starttime  endtime    Babs_bb   Babs_ff    eBC_bb    eBC_ff
 0.000000  0.041667  999.9999  999.9999  999.9999  999.9999
 0.041667  0.083333    0.4873    0.2264    0.0337    0.0157
 0.083333  0.125000    0.4120    0.1644    0.0285    0.0114
 0.125000  0.166667    0.0003    0.6698    0.0000    0.0464
 0.166667  0.208333    0.3768    0.5122    0.0261    0.0355
 0.208333  0.250000    1.0903    0.2085    0.0755    0.0144
 0.250000  0.291667    1.7064    0.4392    0.1182    0.0304
 0.291667  0.333333    1.5353    0.2239    0.1063    0.0155
 0.333333  0.375000    1.9571    0.5613    0.1355    0.0389
 0.375000  0.416667    6.1533    1.1379    0.4261    0.0788
 0.416667  0.458333    5.4104    1.0885    0.3747    0.0754
 0.458333  0.500000    4.8181    0.9888    0.3337    0.0685
 0.500000  0.541667    3.0238    0.7185    0.2094    0.0498
 0.541667  0.583333    1.2876    0.2101    0.0892    0.0146
 0.583333  0.625000    2.0598    0.4838    0.1426    0.0335
 0.625000  0.666667    2.2045    0.5281    0.1527    0.0366
 0.666667  0.708333    2.4447    0.5938    0.1693    0.0411
 0.708333  0.750000    2.5996    0.7233    0.1800    0.0501
 0.750000  0.791667    2.6551    0.9959    0.1839    0.0690
 0.791667  0.833333    2.5770    1.1659    0.1785    0.0807
 0.833333  0.875000    1.7924    0.8108    0.1241    0.0561
 0.875000  0.916667    1.5251    0.7386    0.1056    0.0512
 0.916667  0.958333    2.0392    0.6850    0.1412    0.0474
 0.958333  1.000000    2.4295    0.6545    0.1682    0.0453
 1.000000  1.041667    2.6046    0.6429    0.1804    0.0445
 1.041667  1.083333    2.7154    0.6174    0.1880    0.0428
 1.083333  1.125000    3.0354    0.6798    0.2102    0.0471
 1.125000  1.166667    2.8799    1.6585    0.1994    0.1149
 1.166667  1.208333    3.3217    1.5518    0.2300    0.1075
 1.208333  1.250000    3.3639    1.4039    0.2330    0.0972
 1.250000  1.291667    3.5560    1.3735    0.2463    0.0951
 1.291667  1.333333    3.3939    1.3020    0.2350    0.0902
 1.333333  1.375000    3.2887    1.1901    0.2278    0.0824
 1.375000  1.416667    3.3261    1.1926    0.2303    0.0826
 1.416667  1.458333    3.3088    1.1656    0.2291    0.0807
 1.458333  1.500000    3.0402    1.0372    0.2105    0.0718
 1.500000  1.541667    2.7252    0.8823    0.1887    0.0611
 1.541667  1.583333    2.7625    0.8618    0.1913    0.0597
 1.583333  1.625000    2.8748    0.9552    0.1991    0.0661
 1.625000  1.666667    3.1765    1.1115    0.2200    0.0770
 1.666667  1.708333    3.4118    1.3330    0.2363    0.0923
 1.708333  1.750000    3.3169    1.5872    0.2297    0.1099
 1.750000  1.791667    3.3744    1.7938    0.2337    0.1242
 1.791667  1.833333    3.1505    1.7104    0.2182    0.1184
 1.833333  1.875000    3.1072    1.7563    0.2152    0.1216
 1.875000  1.916667    3.0892    1.7430    0.2139    0.1207
 1.916667  1.958333    3.1785    1.6027    0.2201    0.1110
 1.958333  2.000000    3.0554    1.5325    0.2116    0.1061
 2.000000  2.041667    2.9491    1.4077    0.2042    0.0975
 2.041667  2.083333    2.9444    1.2599    0.2039    0.0872
 2.083333  2.125000    2.9385    1.2697    0.2035    0.0879
 2.125000  2.166667  999.9999  999.9999  999.9999  999.9999
 2.166667  2.208333  999.9999  999.9999  999.9999  999.9999
 2.208333  2.250000  999.9999  999.9999  999.9999  999.9999
 2.250000  2.291667  999.9999  999.9999  999.9999  999.9999
 2.291667  2.333333  999.9999  999.9999  999.9999  999.9999
 2.333333  2.375000  999.9999  999.9999  999.9999  999.9999
 2.375000  2.416667  999.9999  999.9999  999.9999  999.9999
 2.416667  2.458333  999.9999  999.9999  999.9999  999.9999
 2.458333  2.500000  999.9999  999.9999  999.9999  999.9999
 2.500000  2.541667    3.0479    1.5552    0.2111    0.1077
 2.541667  2.583333    3.8211    1.7989    0.2646    0.1246
 2.583333  2.625000    3.9616    1.7610    0.2744    0.1220
 2.625000  2.666667    3.9081    1.6791    0.2706    0.1163
 2.666667  2.708333    4.0403    1.7616    0.2798    0.1220
 2.708333  2.750000    4.0289    2.0274    0.2790    0.1404
 2.750000  2.791667    4.8835    2.8061    0.3382    0.1943
 2.791667  2.833333    4.1609    3.0274    0.2882    0.2097
 2.833333  2.875000    4.2591    3.4725    0.2950    0.2405
 2.875000  2.916667    3.3520    4.3142    0.2321    0.2988
 2.916667  2.958333    3.0292    4.2614    0.2098    0.2951
 2.958333  3.000000    2.9698    5.6754    0.2057    0.3930
 3.000000  3.041667    2.7483    5.4777    0.1903    0.3793
 3.041667  3.083333    2.4626    5.4896    0.1705    0.3802
 3.083333  3.125000    2.4191    3.9766    0.1675    0.2754
 3.125000  3.166667  999.9999  999.9999  999.9999  999.9999
 3.166667  3.208333  999.9999  999.9999  999.9999  999.9999
 3.208333  3.250000  999.9999  999.9999  999.9999  999.9999
 3.250000  3.291667    5.1609    3.7223    0.3574    0.2578
 3.291667  3.333333    4.4414    3.8592    0.3076    0.2673
 3.333333  3.375000    5.6926    3.2259    0.3942    0.2234
 3.375000  3.416667    5.8152    2.9788    0.4027    0.2063
 3.416667  3.458333    6.8214    3.0742    0.4724    0.2129
 3.458333  3.500000    4.8233    2.2778    0.3340    0.1577
 3.500000  3.541667    3.6737    2.1885    0.2544    0.1516
 3.541667  3.583333    3.0841    2.0284    0.2136    0.1405
 3.583333  3.625000    2.5660    1.5503    0.1777    0.1074
 3.625000  3.666667    3.1314    2.0517    0.2169    0.1421
 3.666667  3.708333    5.7252    3.9082    0.3965    0.2707
 3.708333  3.750000    6.1575    3.4161    0.4264    0.2366
 3.750000  3.791667    5.8720    5.1127    0.4067    0.3541
 3.791667  3.833333    6.0062    4.6659    0.4159    0.3231
 3.833333  3.875000    4.0942    4.1830    0.2835    0.2897
 3.875000  3.916667    4.0799    4.5850    0.2825    0.3175
 3.916667  3.958333    4.4818    4.7612    0.3104    0.3297
 3.958333  4.000000    5.4019    5.7199    0.3741    0.3961
 4.000000  4.041667    3.7126    7.8433    0.2571    0.5432
 4.041667  4.083333    4.1128    5.5314    0.2848    0.3831
 4.083333  4.125000    3.7876    4.9933    0.2623    0.3458
 4.125000  4.166667    3.6835    4.1823    0.2551    0.2896
 4.166667  4.208333    3.1926    3.1735    0.2211    0.2198
 4.208333  4.250000    3.2687    3.0628    0.2264    0.2121
 4.250000  4.291667    5.5339    3.2314    0.3832    0.2238
 4.291667  4.333333   11.6178    4.0883    0.8046    0.2831
 4.333333  4.375000   11.5657    4.8542    0.8010    0.3362
 4.375000  4.416667   10.5112    4.5533    0.7279    0.3153
 4.416667  4.458333    7.4811    3.3279    0.5181    0.2305
 4.458333  4.500000    6.9596    3.1583    0.4820    0.2187
 4.500000  4.541667    6.6817    3.1823    0.4627    0.2204
 4.541667  4.583333    7.0842    3.1336    0.4906    0.2170
 4.583333  4.625000    5.8606    3.2570    0.4059    0.2256
 4.625000  4.666667    5.0340    2.9964    0.3486    0.2075
 4.666667  4.708333    6.2197    2.4042    0.4307    0.1665
 4.708333  4.750000   10.3421    3.2523    0.7162    0.2252
 4.750000  4.791667    8.0336    3.8670    0.5564    0.2678
 4.791667  4.833333    9.1673    5.4978    0.6349    0.3807
 4.833333  4.875000    8.7919    6.7546    0.6089    0.4678
 4.875000  4.916667    6.6869    7.1174    0.4631    0.4929
 4.916667  4.958333    7.4398    6.4324    0.5152    0.4455
 4.958333  5.000000    6.7776    6.3990    0.4694    0.4431
 5.000000  5.041667    5.7639    4.7911    0.3992    0.3318
 5.041667  5.083333    5.2806    5.2375    0.3657    0.3627
 5.083333  5.125000    4.7913    5.3620    0.3318    0.3713
 5.125000  5.166667    4.6816    3.9580    0.3242    0.2741
 5.166667  5.208333    4.5936    3.5373    0.3181    0.2450
 5.208333  5.250000    4.5577    2.7186    0.3156    0.1883
 5.250000  5.291667    5.2087    2.8781    0.3607    0.1993
 5.291667  5.333333    6.8653    3.0560    0.4754    0.2116
 5.333333  5.375000    7.3181    3.0744    0.5068    0.2129
 5.375000  5.416667   11.9896    3.4361    0.8303    0.2380
 5.416667  5.458333   11.7526    3.1382    0.8139    0.2173
 5.458333  5.500000    9.0747    3.1731    0.6285    0.2197
 5.500000  5.541667    7.2990    2.8033    0.5055    0.1941
 5.541667  5.583333    5.7226    1.8273    0.3963    0.1265
 5.583333  5.625000    5.1838    1.6211    0.3590    0.1123
 5.625000  5.666667    5.6351    1.8720    0.3902    0.1296
 5.666667  5.708333    5.9841    1.7550    0.4144    0.1215
 5.708333  5.750000    6.2671    1.8746    0.4340    0.1298
 5.750000  5.791667    6.4384    1.9297    0.4459    0.1336
 5.791667  5.833333    6.7565    2.0644    0.4679    0.1430
 5.833333  5.875000    7.3458    2.3988    0.5087    0.1661
 5.875000  5.916667    6.6352    2.8077    0.4595    0.1944
 5.916667  5.958333    5.9576    3.0620    0.4126    0.2121
 5.958333  6.000000    5.6646    2.7176    0.3923    0.1882
 6.000000  6.041667    6.3612    2.9745    0.4405    0.2060
 6.041667  6.083333    6.3478    3.2739    0.4396    0.2267
 6.083333  6.125000    6.1539    3.2337    0.4262    0.2239
 6.125000  6.166667    6.1312    3.0785    0.4246    0.2132
 6.166667  6.208333    4.3543    2.6405    0.3015    0.1829
 6.208333  6.250000    4.4536    2.6407    0.3084    0.1829
 6.250000  6.291667    5.1524    2.8105    0.3568    0.1946
 6.291667  6.333333    6.1974    2.7185    0.4292    0.1883
 6.333333  6.375000    5.6778    2.3761    0.3932    0.1646
 6.375000  6.416667    6.3618    2.5908    0.4406    0.1794
 6.416667  6.458333    7.0065    2.6096    0.4852    0.1807
 6.458333  6.500000    7.0201    2.4054    0.4862    0.1666
 6.500000  6.541667    7.2911    2.5443    0.5049    0.1762
 6.541667  6.583333    7.9981    2.9918    0.5539    0.2072
 6.583333  6.625000    7.5221    2.9306    0.5209    0.2030
 6.625000  6.666667    6.2398    2.8637    0.4321    0.1983
 6.666667  6.708333    4.3313    2.1551    0.3000    0.1492
 6.708333  6.750000    3.3434    2.0406    0.2315    0.1413
 6.750000  6.791667    2.5466    1.7598    0.1764    0.1219
 6.791667  6.833333    2.5553    2.0866    0.1770    0.1445
 6.833333  6.875000    2.7311    2.3793    0.1891    0.1648
 6.875000  6.916667    3.3145    3.1649    0.2295    0.2192
 6.916667  6.958333    3.4845    3.3211    0.2413    0.2300
 6.958333  7.000000    2.4450    2.8497    0.1693    0.1974
 7.000000  7.041667    2.1627    2.5052    0.1498    0.1735
 7.041667  7.083333    1.8187    1.8160    0.1260    0.1258
 7.083333  7.125000    1.5635    1.2751    0.1083    0.0883
 7.125000  7.166667    1.4825    1.1580    0.1027    0.0802
 7.166667  7.208333    0.9012    0.6883    0.0624    0.0477
 7.208333  7.250000    0.4836    0.2964    0.0335    0.0205
 7.250000  7.291667    0.5252    0.2143    0.0364    0.0148
 7.291667  7.333333    0.6835    0.2296    0.0473    0.0159
 7.333333  7.375000    0.8057    0.2643    0.0558    0.0183
 7.375000  7.416667    0.7787    0.2025    0.0539    0.0140
 7.416667  7.458333    0.5108    0.1725    0.0354    0.0119
 7.458333  7.500000    0.6840    0.1990    0.0474    0.0138
 7.500000  7.541667    0.6505    0.2150    0.0450    0.0149
 7.541667  7.583333    0.7326    0.2359    0.0507    0.0163
 7.583333  7.625000    0.5816    0.2012    0.0403    0.0139
 7.625000  7.666667    0.3775    0.0962    0.0261    0.0067
 7.666667  7.708333    0.4086    0.1488    0.0283    0.0103
 7.708333  7.750000    0.7232    0.2399    0.0501    0.0166
 7.750000  7.791667    0.3660    0.1663    0.0253    0.0115
 7.791667  7.833333    0.4935    0.2787    0.0342    0.0193
 7.833333  7.875000    0.4775    0.3403    0.0331    0.0236
 7.875000  7.916667    0.5924    0.5210    0.0410    0.0361
 7.916667  7.958333    0.3360    0.1923    0.0233    0.0133
 7.958333  8.000000    0.2979    0.2075    0.0206    0.0144
 8.000000  8.041667    0.3231    0.2089    0.0224    0.0145
 8.041667  8.083333    0.1810    0.0731    0.0125    0.0051
 8.083333  8.125000    0.1863    0.1410    0.0129    0.0098
 8.125000  8.166667    0.3084    0.1260    0.0214    0.0087
 8.166667  8.208333    0.2778    0.1789    0.0192    0.0124
 8.208333  8.250000    0.3458    0.1899    0.0239    0.0132
 8.250000  8.291667    0.5272    0.2387    0.0365    0.0165
 8.291667  8.333333    0.6095    0.3654    0.0422    0.0253
 8.333333  8.375000    0.5306    0.3587    0.0367    0.0248
 8.375000  8.416667    1.2295    0.4895    0.0851    0.0339
 8.416667  8.458333    0.8562    0.3422    0.0593    0.0237
 8.458333  8.500000    0.8903    0.3831    0.0617    0.0265
 8.500000  8.541667    0.9402    0.4229    0.0651    0.0293
 8.541667  8.583333    0.7516    0.3449    0.0521    0.0239
 8.583333  8.625000    1.0164    0.4829    0.0704    0.0334
 8.625000  8.666667    0.7963    0.3540    0.0551    0.0245
 8.666667  8.708333    1.3280    0.7006    0.0920    0.0485
 8.708333  8.750000    1.4367    0.9733    0.0995    0.0674
 8.750000  8.791667    1.8183    1.6130    0.1259    0.1117
 8.791667  8.833333    1.9501    1.8112    0.1350    0.1254
 8.833333  8.875000    1.6660    2.9428    0.1154    0.2038
 8.875000  8.916667    1.3829    2.4438    0.0958    0.1692
 8.916667  8.958333    1.2912    2.8405    0.0894    0.1967
 8.958333  9.000000    1.4789    4.2840    0.1024    0.2967
 9.000000  9.041667    1.5652    1.9525    0.1084    0.1352
 9.041667  9.083333    1.2086    1.3145    0.0837    0.0910
 9.083333  9.125000    1.0285    1.0373    0.0712    0.0718
 9.125000  9.166667    0.9866    1.0495    0.0683    0.0727
 9.166667  9.208333    0.9262    0.9141    0.0641    0.0633
 9.208333  9.250000    0.8173    0.8454    0.0566    0.0585
 9.250000  9.291667    0.9709    0.9211    0.0672    0.0638
 9.291667  9.333333    0.9332    1.1417    0.0646    0.0791
 9.333333  9.375000    0.8367    0.9659    0.0579    0.0669
 9.375000  9.416667    0.8096    0.7449    0.0561    0.0516
 9.416667  9.458333    0.7823    0.1385    0.0542    0.0096
 9.458333  9.500000    0.7077    0.0439    0.0490    0.0030
 9.500000  9.541667    0.7507    0.1009    0.0520    0.0070
 9.541667  9.583333    0.6056    0.0696    0.0419    0.0048
 9.583333  9.625000    0.5894    0.0632    0.0408    0.0044
 9.625000  9.666667    0.5782    0.0922    0.0400    0.0064
 9.666667  9.708333    0.7342    0.3021    0.0508    0.0209
 9.708333  9.750000    0.7616    0.4833    0.0527    0.0335
 9.750000  9.791667    0.9164    1.0625    0.0635    0.0736
 9.791667  9.833333    1.3802    1.0853    0.0956    0.0752
 9.833333  9.875000    0.9073    0.9641    0.0628    0.0668
 9.875000  9.916667    0.8939    0.9605    0.0619    0.0665
 9.916667  9.958333    0.8868    1.0151    0.0614    0.0703
 9.958333 10.000000    0.9106    0.9225    0.0631    0.0639
10.000000 10.041667    0.8547    0.6904    0.0592    0.0478
10.041667 10.083333    0.8079    0.4873    0.0560    0.0337
10.083333 10.125000    0.7246    0.4429    0.0502    0.0307
10.125000 10.166667    0.7375    0.3688    0.0511    0.0255
10.166667 10.208333    0.8380    0.5010    0.0580    0.0347
10.208333 10.250000    1.1964    0.8237    0.0829    0.0570
10.250000 10.291667    2.6183    1.4308    0.1813    0.0991
10.291667 10.333333    7.2747    1.7454    0.5038    0.1209
10.333333 10.375000   11.5115    2.6434    0.7972    0.1831
10.375000 10.416667   12.7514    3.0998    0.8831    0.2147
10.416667 10.458333   15.3898    3.7658    1.0658    0.2608
10.458333 10.500000   12.6794    2.4538    0.8781    0.1699
10.500000 10.541667   10.5553    2.1547    0.7310    0.1492
10.541667 10.583333    9.2129    2.2414    0.6380    0.1552
10.583333 10.625000    3.8602    0.5098    0.2673    0.0353
10.625000 10.666667  999.9999  999.9999  999.9999  999.9999
10.666667 10.708333    0.6686    0.4777    0.0463    0.0331
10.708333 10.750000    0.7124    0.2989    0.0493    0.0207
10.750000 10.791667    0.4804    0.2108    0.0333    0.0146
10.791667 10.833333    0.4476    0.2713    0.0310    0.0188
10.833333 10.875000    0.2769    0.4754    0.0192    0.0329
10.875000 10.916667    0.3932    0.4623    0.0272    0.0320
10.916667 10.958333    0.4736    0.3945    0.0328    0.0273
10.958333 11.000000    0.3563    0.3220    0.0247    0.0223
11.000000 11.041667    0.3640    0.4116    0.0252    0.0285
11.041667 11.083333    0.2504    0.2850    0.0173    0.0197
