tests/testdata/PMF_Absorption/Payerne_absorption_20171201_3mo_PMF_lev3.nas
25, 1001
Hueglin,  Christoph 
CH01L, Swiss Federal Laboratories for Materials Science and Technology, EMPA, , , ,CH-8600, Duebendorf, Switzerland
EIMPS Winter campaign (20171201 - 20180301), Aethalometer data (hourly), PMF applied
EMEP CAMPAIGN COLOSSAL
1 1
2017 12 01 2018 03 01
0.041667
days from file reference point
5
1 1 1 1 1
999.999999 999.9999 999.9999 999.9999 999.9999
end_time of measurement, days from the file reference point
Babs_bb, 1/Mm 
Babs_ff, 1/Mm 
eBC_bb, ug/m3 
eBC_ff, ug/m3 
Startdate: 20171201000000
Station name: Payerne
Station latitude:  46.813 
Station longitude:   6.945 
Station altitude: 489.0m 
MAC_880nm: 14.4398
Comment: Conversion factor (MAC_880nm) for Babs to eBC [ug/m3] using colocated EC where available. Should not necessarily be interpreted as "true MAC". Where no colocated EC data was available we have used instrument MAC vales (7.77 for AE33 16.6 for AE31)
starttime  endtime    Babs_bb   Babs_ff    eBC_bb    eBC_ff
[from data line 1067]
44.458333 44.500000    4.5764    3.0413    0.3169    0.2106
44.500000 44.541667    4.4779    2.7059    0.3101    0.1874
44.541667 44.583333    4.2803    2.3890    0.2964    0.1654
44.583333 44.625000    4.6418    2.6719    0.3215    0.1850
44.625000 44.666667    4.7254    2.7179    0.3272    0.1882
44.666667 44.708333    4.5495    2.7970    0.3151    0.1937
44.708333 44.750000    4.1622    2.4023    0.2882    0.1664
44.750000 44.791667    4.2026    2.5548    0.2910    0.1769
44.791667 44.833333    4.3342    2.8971    0.3002    0.2006
44.833333 44.875000    4.5091    2.9179    0.3123    0.2021
44.875000 44.916667    4.5059    3.4691    0.3120    0.2402
44.916667 44.958333    4.2628    3.2515    0.2952    0.2252
44.958333 45.000000    4.2796    2.5528    0.2964    0.1768
45.000000 45.041667    3.8897    2.2882    0.2694    0.1585
45.041667 45.083333    3.6008    2.4786    0.2494    0.1717
45.083333 45.125000    3.9568    2.3522    0.2740    0.1629
45.125000 45.166667    3.9842    2.0900    0.2759    0.1447
45.166667 45.208333    3.8177    2.0657    0.2644    0.1431
45.208333 45.250000    3.9434    2.2045    0.2731    0.1527
45.250000 45.291667    4.1277    2.3387    0.2859    0.1620
45.291667 45.333333    4.3049    2.3338    0.2981    0.1616
45.333333 45.375000    4.2706    2.3043    0.2958    0.1596
45.375000 45.416667    4.4765    2.2060    0.3100    0.1528
45.416667 45.458333    4.7323    2.1330    0.3277    0.1477
45.458333 45.500000    5.2696    2.7826    0.3649    0.1927
45.500000 45.541667    6.1035    2.9258    0.4227    0.2026
45.541667 45.583333    5.5748    2.9463    0.3861    0.2040
45.583333 45.625000    5.2618    3.5799    0.3644    0.2479
45.625000 45.666667    3.3253    2.7480    0.2303    0.1903
45.666667 45.708333    2.9828    2.5463    0.2066    0.1763
45.708333 45.750000    3.2117    3.1077    0.2224    0.2152
45.750000 45.791667    1.8606    2.2698    0.1289    0.1572
45.791667 45.833333    0.8800    1.0260    0.0609    0.0711
45.833333 45.875000    0.6839    0.7273    0.0474    0.0504
45.875000 45.916667    0.5431    0.5617    0.0376    0.0389
45.916667 45.958333    0.2905    0.2467    0.0201    0.0171
45.958333 46.000000    0.2612    0.1135    0.0181    0.0079
46.000000 46.041667    0.1068    0.0833    0.0074    0.0058
46.041667 46.083333    0.0857    0.0715    0.0059    0.0050
46.083333 46.125000    0.0780    0.0411    0.0054    0.0028
46.125000 46.166667    0.0693    0.0105    0.0048    0.0007
46.166667 46.208333    0.1220    0.0375    0.0084    0.0026
46.208333 46.250000    0.1586    0.0283    0.0110    0.0020
46.250000 46.291667    0.1817    0.0313    0.0126    0.0022
46.291667 46.333333    0.2937    0.0682    0.0203    0.0047
46.333333 46.375000    0.4080    0.1169    0.0283    0.0081
46.375000 46.416667    0.5763    0.1891    0.0399    0.0131
46.416667 46.458333    0.6491    0.2469    0.0450    0.0171
46.458333 46.500000    0.5487    0.2241    0.0380    0.0155
46.500000 46.541667    0.5128    0.1939    0.0355    0.0134
46.541667 46.583333    0.5224    0.1934    0.0362    0.0134
46.583333 46.625000    0.4528    0.2313    0.0314    0.0160
46.625000 46.666667    0.6807    0.3540    0.0471    0.0245
46.666667 46.708333    0.6564    0.3253    0.0455    0.0225
46.708333 46.750000    0.8403    0.3607    0.0582    0.0250
46.750000 46.791667    0.6552    0.3143    0.0454    0.0218
46.791667 46.833333    0.6608    0.4355    0.0458    0.0302
46.833333 46.875000    0.2529    0.1159    0.0175    0.0080
46.875000 46.916667    0.2979    0.1153    0.0206    0.0080
46.916667 46.958333    0.2619    0.1267    0.0181    0.0088
46.958333 47.000000  999.9999  999.9999  999.9999  999.9999
47.000000 47.041667  999.9999  999.9999  999.9999  999.9999
47.041667 47.083333    0.1788    0.0409    0.0124    0.0028
47.083333 47.125000    0.1601    0.0617    0.0111    0.0043
47.125000 47.166667    0.2433    0.0612    0.0168    0.0042
47.166667 47.208333    0.1754    0.1544    0.0121    0.0107
47.208333 47.250000    0.0650    0.1354    0.0045    0.0094
47.250000 47.291667    0.2388    0.0963    0.0165    0.0067
47.291667 47.333333    0.3314    0.1085    0.0229    0.0075
47.333333 47.375000    0.2758    0.1271    0.0191    0.0088
47.375000 47.416667    0.2500    0.1443    0.0173    0.0100
47.416667 47.458333    0.3085    0.2003    0.0214    0.0139
47.458333 47.500000    0.3347    0.1946    0.0232    0.0135
47.500000 47.541667    0.3951    0.0797    0.0274    0.0055
47.541667 47.583333    0.3318    0.0983    0.0230    0.0068
47.583333 47.625000    0.3414    0.1448    0.0236    0.0100
47.625000 47.666667    0.4056    0.1605    0.0281    0.0111
47.666667 47.708333    0.4117    0.2156    0.0285    0.0149
47.708333 47.750000    0.8010    0.4263    0.0555    0.0295
47.750000 47.791667    0.7035    0.4721    0.0487    0.0327
47.791667 47.833333    0.5841    0.4187    0.0404    0.0290
47.833333 47.875000    0.6320    0.6872    0.0438    0.0476
47.875000 47.916667    0.5311    0.5543    0.0368    0.0384
47.916667 47.958333    0.4335    0.3147    0.0300    0.0218
47.958333 48.000000    0.3799    0.3983    0.0263    0.0276
48.000000 48.041667    0.3758    0.3665    0.0260    0.0254
48.041667 48.083333    0.3641    0.4691    0.0252    0.0325
48.083333 48.125000    0.4141    0.3264    0.0287    0.0226
48.125000 48.166667    0.4346    0.2464    0.0301    0.0171
48.166667 48.208333    0.3524    0.2525    0.0244    0.0175
48.208333 48.250000    0.3450    0.2707    0.0239    0.0187
48.250000 48.291667    0.4075    0.2276    0.0282    0.0158
48.291667 48.333333    0.5962    0.2774    0.0413    0.0192
48.333333 48.375000    0.9106    0.4528    0.0631    0.0314
48.375000 48.416667    1.0269    0.4241    0.0711    0.0294
48.416667 48.458333    0.9430    0.3999    0.0653    0.0277
48.458333 48.500000    0.9763    0.3807    0.0676    0.0264
48.500000 48.541667    0.9228    0.3837    0.0639    0.0266
48.541667 48.583333    0.7153    0.2646    0.0495    0.0183
48.583333 48.625000    0.8444    0.3696    0.0585    0.0256
48.625000 48.666667    0.9246    0.3554    0.0640    0.0246
48.666667 48.708333    0.9308    0.4098    0.0645    0.0284
48.708333 48.750000    0.9230    0.4343    0.0639    0.0301
48.750000 48.791667    0.8063    0.4175    0.0558    0.0289
48.791667 48.833333    0.8812    0.5574    0.0610    0.0386
48.833333 48.875000    0.8479    0.6796    0.0587    0.0471
48.875000 48.916667    0.6497    0.6142    0.0450    0.0425
48.916667 48.958333    0.5351    0.5437    0.0371    0.0377
48.958333 49.000000    0.4029    0.3817    0.0279    0.0264
49.000000 49.041667    0.3237    0.3260    0.0224    0.0226
49.041667 49.083333    0.3136    0.2915    0.0217    0.0202
49.083333 49.125000    0.3608    0.3646    0.0250    0.0252
49.125000 49.166667    0.2953    0.2906    0.0204    0.0201
49.166667 49.208333    0.1950    0.1543    0.0135    0.0107
49.208333 49.250000    0.2581    0.1075    0.0179    0.0074
49.250000 49.291667    0.2496    0.0255    0.0173    0.0018
49.291667 49.333333    0.9363    0.2411    0.0648    0.0167
49.333333 49.375000    0.9003    0.2131    0.0623    0.0148
49.375000 49.416667    0.9493    0.2755    0.0657    0.0191
49.416667 49.458333    0.4438    0.1653    0.0307    0.0114
49.458333 49.500000    0.5597    0.2155    0.0388    0.0149
49.500000 49.541667    0.8744    0.4257    0.0606    0.0295
49.541667 49.583333    0.8054    0.3661    0.0558    0.0254
49.583333 49.625000    0.9948    0.3938    0.0689    0.0273
49.625000 49.666667    1.5732    0.5151    0.1089    0.0357
49.666667 49.708333    0.8094    0.4263    0.0561    0.0295
49.708333 49.750000    0.8485    0.4888    0.0588    0.0339
49.750000 49.791667    1.1120    0.6015    0.0770    0.0417
49.791667 49.833333    0.8912    0.5918    0.0617    0.0410
49.833333 49.875000    0.8663    0.6265    0.0600    0.0434
49.875000 49.916667    0.5528    0.4770    0.0383    0.0330
49.916667 49.958333    0.3530    0.4378    0.0244    0.0303
49.958333 50.000000    0.3106    0.2178    0.0215    0.0151
50.000000 50.041667    0.3252    0.3415    0.0225    0.0236
50.041667 50.083333    0.2784    0.1964    0.0193    0.0136
50.083333 50.125000    0.2997    0.3414    0.0208    0.0236
50.125000 50.166667    0.3897    0.4758    0.0270    0.0330
50.166667 50.208333    0.4444    0.5255    0.0308    0.0364
50.208333 50.250000    0.4869    0.4953    0.0337    0.0343
50.250000 50.291667    0.5208    0.4252    0.0361    0.0294
50.291667 50.333333    0.6369    0.3880    0.0441    0.0269
50.333333 50.375000    0.4922    0.3118    0.0341    0.0216
50.375000 50.416667    0.5761    0.3509    0.0399    0.0243
50.416667 50.458333    0.8075    0.4710    0.0559    0.0326
50.458333 50.500000    0.7516    0.4355    0.0520    0.0302
50.500000 50.541667    0.8350    0.5486    0.0578    0.0380
50.541667 50.583333    1.0467    0.6950    0.0725    0.0481
50.583333 50.625000    0.8458    0.5130    0.0586    0.0355
50.625000 50.666667    0.6689    0.3488    0.0463    0.0242
50.666667 50.708333    0.5741    0.3146    0.0398    0.0218
50.708333 50.750000    0.5173    0.3595    0.0358    0.0249
50.750000 50.791667    0.5380    0.3998    0.0373    0.0277
50.791667 50.833333    0.6233    0.5309    0.0432    0.0368
50.833333 50.875000    0.5313    0.4972    0.0368    0.0344
50.875000 50.916667    0.4953    0.5130    0.0343    0.0355
50.916667 50.958333    0.3839    0.3532    0.0266    0.0245
50.958333 51.000000    0.3311    0.2963    0.0229    0.0205
51.000000 51.041667    0.2604    0.1813    0.0180    0.0126
51.041667 51.083333    0.1746    0.0273    0.0121    0.0019
51.083333 51.125000    0.1433    0.0525    0.0099    0.0036
51.125000 51.166667    0.1026    0.0151    0.0071    0.0010
51.166667 51.208333    0.1140    0.0292    0.0079    0.0020
51.208333 51.250000    0.1362    0.0349    0.0094    0.0024
51.250000 51.291667    0.2391    0.0876    0.0166    0.0061
51.291667 51.333333    0.2864    0.1202    0.0198    0.0083
51.333333 51.375000    0.3382    0.1621    0.0234    0.0112
51.375000 51.416667    0.4911    0.1790    0.0340    0.0124
51.416667 51.458333    0.4179    0.1904    0.0289    0.0132
51.458333 51.500000    0.5825    0.2700    0.0403    0.0187
51.500000 51.541667    0.6012    0.3638    0.0416    0.0252
51.541667 51.583333    0.7360    0.4602    0.0510    0.0319
51.583333 51.625000    0.9721    0.6259    0.0673    0.0433
51.625000 51.666667    0.8413    0.6011    0.0583    0.0416
51.666667 51.708333    0.5979    0.4063    0.0414    0.0281
51.708333 51.750000    0.5516    0.4094    0.0382    0.0284
51.750000 51.791667    0.5712    0.3952    0.0396    0.0274
51.791667 51.833333    0.6270    0.5447    0.0434    0.0377
51.833333 51.875000    0.6896    0.6971    0.0478    0.0483
51.875000 51.916667    0.5948    1.0571    0.0412    0.0732
51.916667 51.958333    0.5219    0.8790    0.0361    0.0609
51.958333 52.000000    0.3700    0.4569    0.0256    0.0316
52.000000 52.041667    0.4230    0.4636    0.0293    0.0321
52.041667 52.083333    0.4321    0.4465    0.0299    0.0309
52.083333 52.125000    0.3792    0.3639    0.0263    0.0252
52.125000 52.166667    0.2932    0.2578    0.0203    0.0179
52.166667 52.208333    0.2558    0.2110    0.0177    0.0146
52.208333 52.250000    0.2248    0.1182    0.0156    0.0082
52.250000 52.291667    0.4316    0.3522    0.0299    0.0244
52.291667 52.333333    0.5706    0.2520    0.0395    0.0175
52.333333 52.375000    0.8142    0.3077    0.0564    0.0213
52.375000 52.416667    0.9040    0.3227    0.0626    0.0223
52.416667 52.458333    1.3753    0.4365    0.0952    0.0302
52.458333 52.500000    1.1146    0.3436    0.0772    0.0238
52.500000 52.541667    1.1898    0.3740    0.0824    0.0259
52.541667 52.583333    0.8971    0.2738    0.0621    0.0190
52.583333 52.625000    0.7700    0.2392    0.0533    0.0166
52.625000 52.666667    0.6741    0.2375    0.0467    0.0164
52.666667 52.708333    0.7197    0.3101    0.0498    0.0215
52.708333 52.750000    1.1520    0.4447    0.0798    0.0308
52.750000 52.791667    1.0764    0.4466    0.0745    0.0309
52.791667 52.833333    1.0093    0.4842    0.0699    0.0335
52.833333 52.875000    0.9061    0.5179    0.0628    0.0359
52.875000 52.916667    1.0023    0.8356    0.0694    0.0579
52.916667 52.958333    0.9860    0.8377    0.0683    0.0580
52.958333 53.000000    0.7091    0.6063    0.0491    0.0420
53.000000 53.041667    0.7406    0.3902    0.0513    0.0270
53.041667 53.083333    0.7270    0.4814    0.0504    0.0333
53.083333 53.125000    0.6229    0.3164    0.0431    0.0219
53.125000 53.166667    0.5084    0.3270    0.0352    0.0226
53.166667 53.208333    0.5473    0.2478    0.0379    0.0172
53.208333 53.250000    0.6445    0.3271    0.0446    0.0226
53.250000 53.291667    1.8961    0.3813    0.1313    0.0264
53.291667 53.333333    2.5478    0.6495    0.1764    0.0450
53.333333 53.375000    4.3572    0.9972    0.3018    0.0691
53.375000 53.416667    2.2101    0.6590    0.1531    0.0456
53.416667 53.458333    1.6551    0.5601    0.1146    0.0388
53.458333 53.500000    1.3570    0.5782    0.0940    0.0400
53.500000 53.541667    1.1763    0.4528    0.0815    0.0314
53.541667 53.583333    1.1625    0.4174    0.0805    0.0289
53.583333 53.625000    1.4694    0.4829    0.1018    0.0334
53.625000 53.666667    1.5403    0.4989    0.1067    0.0346
53.666667 53.708333    2.0608    0.6159    0.1427    0.0427
53.708333 53.750000    5.3741    1.2550    0.3722    0.0869
53.750000 53.791667    3.8829    1.6843    0.2689    0.1166
53.791667 53.833333    3.3249    2.0499    0.2303    0.1420
53.833333 53.875000    2.4690    2.8420    0.1710    0.1968
53.875000 53.916667    2.9843    2.8962    0.2067    0.2006
53.916667 53.958333    3.5742    2.4906    0.2475    0.1725
53.958333 54.000000    3.1088    2.5244    0.2153    0.1748
54.000000 54.041667    3.2743    2.8307    0.2268    0.1960
54.041667 54.083333    1.6990    2.0887    0.1177    0.1446
54.083333 54.125000    2.2089    2.2160    0.1530    0.1535
54.125000 54.166667    2.6059    1.9614    0.1805    0.1358
54.166667 54.208333    2.2317    1.7225    0.1545    0.1193
54.208333 54.250000    2.4474    1.4879    0.1695    0.1030
54.250000 54.291667    4.6220    1.5809    0.3201    0.1095
54.291667 54.333333    5.6486    1.7923    0.3912    0.1241
54.333333 54.375000    8.1330    2.3730    0.5632    0.1643
54.375000 54.416667    9.5941    3.1748    0.6644    0.2199
54.416667 54.458333    5.6913    2.0772    0.3941    0.1439
54.458333 54.500000    6.9004    2.6103    0.4779    0.1808
54.500000 54.541667    6.3001    2.4459    0.4363    0.1694
54.541667 54.583333    5.2615    1.9105    0.3644    0.1323
54.583333 54.625000    4.8448    1.6981    0.3355    0.1176
54.625000 54.666667    4.8892    1.8567    0.3386    0.1286
54.666667 54.708333    4.8198    1.8334    0.3338    0.1270
54.708333 54.750000    4.4899    3.5651    0.3109    0.2469
54.750000 54.791667   11.0027    4.3243    0.7620    0.2995
54.791667 54.833333    8.0867    3.5645    0.5600    0.2468
54.833333 54.875000    6.6174    3.8029    0.4583    0.2634
54.875000 54.916667    5.6841    3.6103    0.3936    0.2500
54.916667 54.958333    5.2738    3.3476    0.3652    0.2318
54.958333 55.000000    4.0172    2.7386    0.2782    0.1897
55.000000 55.041667    3.1990    2.4802    0.2215    0.1718
55.041667 55.083333    2.7586    2.3301    0.1910    0.1614
55.083333 55.125000    2.6054    2.3503    0.1804    0.1628
55.125000 55.166667    2.8319    2.7287    0.1961    0.1890
55.166667 55.208333    2.9751    2.6867    0.2060    0.1861
55.208333 55.250000    2.9462    2.3015    0.2040    0.1594
55.250000 55.291667    3.3100    2.4133    0.2292    0.1671
55.291667 55.333333  999.9999  999.9999  999.9999  999.9999
55.333333 55.375000    6.8800    3.2782    0.4765    0.2270
55.375000 55.416667    6.8049    2.9307    0.4713    0.2030
55.416667 55.458333    4.6626    2.1697    0.3229    0.1503
55.458333 55.500000    4.2962    1.9539    0.2975    0.1353
55.500000 55.541667    1.7751    0.8464    0.1229    0.0586
