tests/testdata/PMF_Absorption/Zeppelin_absorption_20171201_3mo_PMF_lev3.nas
25, 1001
Fiebig, Markus; Eleftheriadis, Konstantinos
NO01L, Norwegian Institute for Air Research, NILU,, Instituttveien 18,, N-2027, Kjeller, Norway
EIMPS Winter campaign (20171201 - 20180301), Aethalometer data (hourly), PMF applied
EMEP CAMPAIGN COLOSSAL
1 1
2017 12 01 2018 03 01
0.041667
days from file reference point
5
1 1 1 1 1
999.999999 999.9999 999.9999 999.9999 999.9999
end_time of measurement, days from the file reference point
Babs_bb, 1/Mm 
Babs_ff, 1/Mm 
eBC_bb, ug/m3 
eBC_ff, ug/m3 
Startdate: 20171201000000
Station name: Zeppelin
Station latitude:  78.907 
Station longitude:  11.887 
Station altitude: 474.0m 
MAC_880nm: 7.77
Comment: Conversion factor (MAC_880nm) for Babs to eBC [ug/m3] using colocated EC where available. Should not necessarily be interpreted as "true MAC". Where no colocated EC data was available we have used instrument MAC vales (7.77 for AE33 16.6 for AE31)
starttime  endtime    Babs_bb   Babs_ff    eBC_bb    eBC_ff
[from data line 1067]
44.458333 44.500000    0.3001    0.0953    0.0386    0.0123
44.500000 44.541667    0.2767    0.0820    0.0356    0.0106
44.541667 44.583333    0.1892    0.0563    0.0243    0.0073
44.583333 44.625000    0.1544    0.0446    0.0199    0.0057
44.625000 44.666667    0.1962    0.0612    0.0253    0.0079
44.666667 44.708333    0.1702    0.0542    0.0219    0.0070
44.708333 44.750000    0.1468    0.0408    0.0189    0.0053
44.750000 44.791667    0.1053    0.0235    0.0136    0.0030
44.791667 44.833333    0.1018    0.0000    0.0131    0.0000
44.833333 44.875000  999.9999  999.9999  999.9999  999.9999
44.875000 44.916667  999.9999  999.9999  999.9999  999.9999
44.916667 44.958333    0.0684    0.0010    0.0088    0.0001
44.958333 45.000000    0.0565    0.0000    0.0073    0.0000
45.000000 45.041667    0.0474    0.0000    0.0061    0.0000
45.041667 45.083333  999.9999  999.9999  999.9999  999.9999
45.083333 45.125000    0.0000    0.0296    0.0000    0.0038
45.125000 45.166667    0.0225    0.0000    0.0029    0.0000
45.166667 45.208333    0.0155    0.0000    0.0020    0.0000
45.208333 45.250000  999.9999  999.9999  999.9999  999.9999
45.250000 45.291667    0.0164    0.0073    0.0021    0.0009
45.291667 45.333333    0.0033    0.0261    0.0004    0.0034
45.333333 45.375000    0.0160    0.0000    0.0021    0.0000
45.375000 45.416667  999.9999  999.9999  999.9999  999.9999
45.416667 45.458333    0.0271    0.0165    0.0035    0.0021
45.458333 45.500000  999.9999  999.9999  999.9999  999.9999
45.500000 45.541667    0.0256    0.0000    0.0033    0.0000
45.541667 45.583333    0.0118    0.0050    0.0015    0.0006
45.583333 45.625000    0.0188    0.0039    0.0024    0.0005
45.625000 45.666667    0.0125    0.0015    0.0016    0.0002
45.666667 45.708333    0.0173    0.0093    0.0022    0.0012
45.708333 45.750000    0.0237    0.0094    0.0031    0.0012
45.750000 45.791667    0.0224    0.0085    0.0029    0.0011
45.791667 45.833333    0.0622    0.0261    0.0080    0.0034
45.833333 45.875000    0.1614    0.0560    0.0208    0.0072
45.875000 45.916667    0.1842    0.0625    0.0237    0.0080
45.916667 45.958333    0.0833    0.0302    0.0107    0.0039
45.958333 46.000000    0.0669    0.0286    0.0086    0.0037
46.000000 46.041667    0.2174    0.0726    0.0280    0.0093
46.041667 46.083333    0.2339    0.0812    0.0301    0.0105
46.083333 46.125000    0.2478    0.0920    0.0319    0.0118
46.125000 46.166667    0.2602    0.0972    0.0335    0.0125
46.166667 46.208333    0.2670    0.0936    0.0344    0.0120
46.208333 46.250000    0.2588    0.0826    0.0333    0.0106
46.250000 46.291667    0.2204    0.0705    0.0284    0.0091
46.291667 46.333333    0.1897    0.0641    0.0244    0.0082
46.333333 46.375000    0.1902    0.0457    0.0245    0.0059
46.375000 46.416667    0.1852    0.0259    0.0238    0.0033
46.416667 46.458333    0.0732    0.0235    0.0094    0.0030
46.458333 46.500000    0.0312    0.0309    0.0040    0.0040
46.500000 46.541667    0.0423    0.0317    0.0054    0.0041
46.541667 46.583333    0.0713    0.0294    0.0092    0.0038
46.583333 46.625000    0.0736    0.0412    0.0095    0.0053
46.625000 46.666667    0.0503    0.0345    0.0065    0.0044
46.666667 46.708333    0.0514    0.0260    0.0066    0.0033
46.708333 46.750000    0.0456    0.0247    0.0059    0.0032
46.750000 46.791667    0.0540    0.0219    0.0070    0.0028
46.791667 46.833333    0.0371    0.0208    0.0048    0.0027
46.833333 46.875000    0.0266    0.0174    0.0034    0.0022
46.875000 46.916667    0.0277    0.0155    0.0036    0.0020
46.916667 46.958333    0.0384    0.0153    0.0049    0.0020
46.958333 47.000000    0.0294    0.0163    0.0038    0.0021
47.000000 47.041667    0.0368    0.0122    0.0047    0.0016
47.041667 47.083333    0.0339    0.0132    0.0044    0.0017
47.083333 47.125000    0.0375    0.0084    0.0048    0.0011
47.125000 47.166667    0.0407    0.0118    0.0052    0.0015
47.166667 47.208333    0.0463    0.0143    0.0060    0.0018
47.208333 47.250000    0.0488    0.0160    0.0063    0.0021
47.250000 47.291667    0.0484    0.0166    0.0062    0.0021
47.291667 47.333333    0.0751    0.0211    0.0097    0.0027
47.333333 47.375000    0.1147    0.0213    0.0148    0.0027
47.375000 47.416667    0.1394    0.0304    0.0179    0.0039
47.416667 47.458333    0.1332    0.0415    0.0171    0.0053
47.458333 47.500000    0.1155    0.0520    0.0149    0.0067
47.500000 47.541667    0.0992    0.0466    0.0128    0.0060
47.541667 47.583333    0.0788    0.0327    0.0101    0.0042
47.583333 47.625000    0.0781    0.0372    0.0101    0.0048
47.625000 47.666667    0.1278    0.0411    0.0165    0.0053
47.666667 47.708333    0.1918    0.0585    0.0247    0.0075
47.708333 47.750000    0.2443    0.0706    0.0314    0.0091
47.750000 47.791667    0.2979    0.0877    0.0383    0.0113
47.791667 47.833333    0.3058    0.0869    0.0394    0.0112
47.833333 47.875000    0.3540    0.0748    0.0456    0.0096
47.875000 47.916667    0.3937    0.0893    0.0507    0.0115
47.916667 47.958333    0.5465    0.0784    0.0703    0.0101
47.958333 48.000000    0.5159    0.0828    0.0664    0.0107
48.000000 48.041667    0.5133    0.0924    0.0661    0.0119
48.041667 48.083333    0.4953    0.1028    0.0637    0.0132
48.083333 48.125000    0.4322    0.0982    0.0556    0.0126
48.125000 48.166667    0.3929    0.0941    0.0506    0.0121
48.166667 48.208333    0.3385    0.0849    0.0436    0.0109
48.208333 48.250000    0.2953    0.0800    0.0380    0.0103
48.250000 48.291667    0.2809    0.0826    0.0361    0.0106
48.291667 48.333333    0.2661    0.0806    0.0342    0.0104
48.333333 48.375000    0.2431    0.0677    0.0313    0.0087
48.375000 48.416667    0.2483    0.0595    0.0320    0.0077
48.416667 48.458333    0.2433    0.0515    0.0313    0.0066
48.458333 48.500000    0.2048    0.0522    0.0264    0.0067
48.500000 48.541667    0.1653    0.0493    0.0213    0.0063
48.541667 48.583333    0.1879    0.0317    0.0242    0.0041
48.583333 48.625000    0.1937    0.0514    0.0249    0.0066
48.625000 48.666667    0.2085    0.0825    0.0268    0.0106
48.666667 48.708333    0.2658    0.0761    0.0342    0.0098
48.708333 48.750000    0.3811    0.0821    0.0490    0.0106
48.750000 48.791667    0.2964    0.0857    0.0381    0.0110
48.791667 48.833333    0.2801    0.0793    0.0361    0.0102
48.833333 48.875000    0.2552    0.0714    0.0328    0.0092
48.875000 48.916667    0.2100    0.0617    0.0270    0.0079
48.916667 48.958333    0.2203    0.0000    0.0283    0.0000
48.958333 49.000000    0.1837    0.0254    0.0236    0.0033
49.000000 49.041667    0.3797    0.0805    0.0489    0.0104
49.041667 49.083333    0.4688    0.0975    0.0603    0.0126
49.083333 49.125000    0.8045    0.2243    0.1035    0.0289
49.125000 49.166667    0.9418    0.2485    0.1212    0.0320
49.166667 49.208333    1.0802    0.2919    0.1390    0.0376
49.208333 49.250000    1.0622    0.2985    0.1367    0.0384
49.250000 49.291667    0.9822    0.2693    0.1264    0.0347
49.291667 49.333333    0.8902    0.2437    0.1146    0.0314
49.333333 49.375000    0.9340    0.2392    0.1202    0.0308
49.375000 49.416667    1.0023    0.2599    0.1290    0.0334
49.416667 49.458333    0.9062    0.2161    0.1166    0.0278
49.458333 49.500000    0.8643    0.2067    0.1112    0.0266
49.500000 49.541667    0.5553    0.1259    0.0715    0.0162
49.541667 49.583333    0.4803    0.0998    0.0618    0.0128
49.583333 49.625000    0.3667    0.1043    0.0472    0.0134
49.625000 49.666667    0.2658    0.0828    0.0342    0.0107
49.666667 49.708333    0.2083    0.0665    0.0268    0.0086
49.708333 49.750000    0.1405    0.0613    0.0181    0.0079
49.750000 49.791667    0.2091    0.0265    0.0269    0.0034
49.791667 49.833333    0.1372    0.0635    0.0177    0.0082
49.833333 49.875000    0.1069    0.0499    0.0138    0.0064
49.875000 49.916667    0.1122    0.0555    0.0144    0.0071
49.916667 49.958333    0.1621    0.0707    0.0209    0.0091
49.958333 50.000000    0.1571    0.0644    0.0202    0.0083
50.000000 50.041667    0.1387    0.0524    0.0178    0.0067
50.041667 50.083333    0.1174    0.0201    0.0151    0.0026
50.083333 50.125000    0.1462    0.0557    0.0188    0.0072
50.125000 50.166667    0.0918    0.0535    0.0118    0.0069
50.166667 50.208333    0.1294    0.0545    0.0167    0.0070
50.208333 50.250000    0.1291    0.0435    0.0166    0.0056
50.250000 50.291667    0.1167    0.0424    0.0150    0.0055
50.291667 50.333333    0.1364    0.0399    0.0176    0.0051
50.333333 50.375000    0.1326    0.0437    0.0171    0.0056
50.375000 50.416667    0.1352    0.0432    0.0174    0.0056
50.416667 50.458333    0.1381    0.0429    0.0178    0.0055
50.458333 50.500000    0.1409    0.0408    0.0181    0.0053
50.500000 50.541667    0.1417    0.0408    0.0182    0.0052
50.541667 50.583333    0.1228    0.0450    0.0158    0.0058
50.583333 50.625000    0.1267    0.0389    0.0163    0.0050
50.625000 50.666667    0.1182    0.0372    0.0152    0.0048
50.666667 50.708333    0.1174    0.0361    0.0151    0.0047
50.708333 50.750000    0.1285    0.0355    0.0165    0.0046
50.750000 50.791667    0.1112    0.0357    0.0143    0.0046
50.791667 50.833333    0.0890    0.0346    0.0115    0.0045
50.833333 50.875000    0.1106    0.0370    0.0142    0.0048
50.875000 50.916667    0.1004    0.0369    0.0129    0.0047
50.916667 50.958333    0.1010    0.0376    0.0130    0.0048
50.958333 51.000000    0.1021    0.0352    0.0131    0.0045
51.000000 51.041667    0.1013    0.0386    0.0130    0.0050
51.041667 51.083333    0.1103    0.0375    0.0142    0.0048
51.083333 51.125000    0.1144    0.0380    0.0147    0.0049
51.125000 51.166667    0.1152    0.0413    0.0148    0.0053
51.166667 51.208333    0.1110    0.0444    0.0143    0.0057
51.208333 51.250000    0.0992    0.0431    0.0128    0.0056
51.250000 51.291667    0.1547    0.0284    0.0199    0.0037
51.291667 51.333333    0.1584    0.0275    0.0204    0.0035
51.333333 51.375000    0.1112    0.0326    0.0143    0.0042
51.375000 51.416667    0.0957    0.0320    0.0123    0.0041
51.416667 51.458333    0.0807    0.0330    0.0104    0.0042
51.458333 51.500000    0.0769    0.0314    0.0099    0.0040
51.500000 51.541667    0.0702    0.0327    0.0090    0.0042
51.541667 51.583333    0.0795    0.0314    0.0102    0.0040
51.583333 51.625000    0.0892    0.0381    0.0115    0.0049
51.625000 51.666667    0.1192    0.0383    0.0153    0.0049
51.666667 51.708333    0.1092    0.0385    0.0140    0.0050
51.708333 51.750000    0.1036    0.0347    0.0133    0.0045
51.750000 51.791667    0.1471    0.0437    0.0189    0.0056
51.791667 51.833333    0.1853    0.0404    0.0238    0.0052
51.833333 51.875000    0.3039    0.0692    0.0391    0.0089
51.875000 51.916667    0.4106    0.0956    0.0528    0.0123
51.916667 51.958333    0.4820    0.1173    0.0620    0.0151
51.958333 52.000000    0.5471    0.1386    0.0704    0.0178
52.000000 52.041667    0.5734    0.1493    0.0738    0.0192
52.041667 52.083333    0.5800    0.1426    0.0746    0.0184
52.083333 52.125000    0.5910    0.1381    0.0761    0.0178
52.125000 52.166667    0.5665    0.1262    0.0729    0.0162
52.166667 52.208333    0.5206    0.1120    0.0670    0.0144
52.208333 52.250000    0.5069    0.1031    0.0652    0.0133
52.250000 52.291667    0.4669    0.0862    0.0601    0.0111
52.291667 52.333333    0.4164    0.0780    0.0536    0.0100
52.333333 52.375000    0.4278    0.0849    0.0551    0.0109
52.375000 52.416667    0.4287    0.0942    0.0552    0.0121
52.416667 52.458333    0.4255    0.0865    0.0548    0.0111
52.458333 52.500000    0.3937    0.1159    0.0507    0.0149
52.500000 52.541667    0.4319    0.1534    0.0556    0.0197
52.541667 52.583333    0.4317    0.1341    0.0556    0.0173
52.583333 52.625000    0.4205    0.1165    0.0541    0.0150
52.625000 52.666667    0.4353    0.0917    0.0560    0.0118
52.666667 52.708333    0.3515    0.0711    0.0452    0.0092
52.708333 52.750000    0.3849    0.0871    0.0495    0.0112
52.750000 52.791667    0.5750    0.1323    0.0740    0.0170
52.791667 52.833333    0.6191    0.1425    0.0797    0.0183
52.833333 52.875000    0.6496    0.1517    0.0836    0.0195
52.875000 52.916667    0.6754    0.1606    0.0869    0.0207
52.916667 52.958333    0.6854    0.1523    0.0882    0.0196
52.958333 53.000000    0.6575    0.1370    0.0846    0.0176
53.000000 53.041667    0.7065    0.1675    0.0909    0.0216
53.041667 53.083333    0.7075    0.1687    0.0911    0.0217
53.083333 53.125000    0.6596    0.1662    0.0849    0.0214
53.125000 53.166667    0.6316    0.1816    0.0813    0.0234
53.166667 53.208333    0.6308    0.1771    0.0812    0.0228
53.208333 53.250000    0.5466    0.1390    0.0703    0.0179
53.250000 53.291667    0.4207    0.1146    0.0541    0.0147
53.291667 53.333333    0.5077    0.1435    0.0653    0.0185
53.333333 53.375000    0.5949    0.1613    0.0766    0.0208
53.375000 53.416667    0.6961    0.1940    0.0896    0.0250
53.416667 53.458333    0.7433    0.1784    0.0957    0.0230
53.458333 53.500000    0.6532    0.1794    0.0841    0.0231
53.500000 53.541667    0.5942    0.1774    0.0765    0.0228
53.541667 53.583333    0.6488    0.1870    0.0835    0.0241
53.583333 53.625000    0.6316    0.2002    0.0813    0.0258
53.625000 53.666667    0.6305    0.2117    0.0811    0.0272
53.666667 53.708333    0.6636    0.2310    0.0854    0.0297
53.708333 53.750000    0.6468    0.2193    0.0832    0.0282
53.750000 53.791667    0.6085    0.2165    0.0783    0.0279
53.791667 53.833333    0.5867    0.1936    0.0755    0.0249
53.833333 53.875000    0.6104    0.1996    0.0786    0.0257
53.875000 53.916667    0.7220    0.2411    0.0929    0.0310
53.916667 53.958333    0.8155    0.2918    0.1049    0.0376
53.958333 54.000000    0.8939    0.3403    0.1150    0.0438
54.000000 54.041667    0.9692    0.4106    0.1247    0.0528
54.041667 54.083333    0.9221    0.3840    0.1187    0.0494
54.083333 54.125000    0.8147    0.3309    0.1048    0.0426
54.125000 54.166667    0.6583    0.2338    0.0847    0.0301
54.166667 54.208333    0.4633    0.1716    0.0596    0.0221
54.208333 54.250000    0.3805    0.1637    0.0490    0.0211
54.250000 54.291667    0.3709    0.1694    0.0477    0.0218
54.291667 54.333333    0.3763    0.1743    0.0484    0.0224
54.333333 54.375000    0.4333    0.2004    0.0558    0.0258
54.375000 54.416667    0.5267    0.2349    0.0678    0.0302
54.416667 54.458333    0.4688    0.2142    0.0603    0.0276
54.458333 54.500000    0.4700    0.2229    0.0605    0.0287
54.500000 54.541667    0.4526    0.2137    0.0583    0.0275
54.541667 54.583333    0.4420    0.2071    0.0569    0.0267
54.583333 54.625000    0.3608    0.1654    0.0464    0.0213
54.625000 54.666667    0.3827    0.1122    0.0492    0.0144
54.666667 54.708333    0.3842    0.0946    0.0494    0.0122
54.708333 54.750000    0.4168    0.0697    0.0536    0.0090
54.750000 54.791667    0.4042    0.0612    0.0520    0.0079
54.791667 54.833333    0.3757    0.0518    0.0483    0.0067
54.833333 54.875000    0.3283    0.0452    0.0423    0.0058
54.875000 54.916667    0.3150    0.0372    0.0405    0.0048
54.916667 54.958333    0.2842    0.0356    0.0366    0.0046
54.958333 55.000000    0.2837    0.0344    0.0365    0.0044
55.000000 55.041667    0.2932    0.0376    0.0377    0.0048
55.041667 55.083333    0.2823    0.0349    0.0363    0.0045
55.083333 55.125000    0.2806    0.0318    0.0361    0.0041
55.125000 55.166667    0.2508    0.0362    0.0323    0.0047
55.166667 55.208333    0.2595    0.0391    0.0334    0.0050
55.208333 55.250000    0.2808    0.0380    0.0361    0.0049
55.250000 55.291667    0.2912    0.0499    0.0375    0.0064
55.291667 55.333333    0.2647    0.0711    0.0341    0.0091
55.333333 55.375000    0.3544    0.0555    0.0456    0.0071
55.375000 55.416667    0.3475    0.0615    0.0447    0.0079
55.416667 55.458333    0.3355    0.0650    0.0432    0.0084
55.458333 55.500000    0.3068    0.0740    0.0395    0.0095
55.500000 55.541667    0.3039    0.0659    0.0391    0.0085
