tests/testdata/PMF_Absorption/Zeppelin_absorption_20171201_3mo_PMF_lev3.nas
25, 1001
Fiebig, Markus; Eleftheriadis, Konstantinos
NO01L, Norwegian Institute for Air Research, NILU,, Instituttveien 18,, N-2027, Kjeller, Norway
EIMPS Winter campaign (20171201 - 20180301), Aethalometer data (hourly), PMF applied
EMEP CAMPAIGN COLOSSAL
1 1
2017 12 01 2018 03 01
0.041667
days from file reference point
5
1 1 1 1 1
999.999999 999.9999 999.9999 999.9999 999.9999
end_time of measurement, days from the file reference point
Babs_bb, 1/Mm 
Babs_ff, 1/Mm 
eBC_bb, ug/m3 
eBC_ff, ug/m3 
Startdate: 20171201000000
Station name: Zeppelin
Station latitude:  78.907 
Station longitude:  11.887 
Station altitude: 474.0m 
MAC_880nm: 7.77
Comment: Conversion factor (MAC_880nm) for Babs to eBC [ug/m3] using colocated EC where available. Should not necessarily be interpreted as "true MAC". Where no colocated EC data was available we have used instrument MAC vales (7.77 for AE33 16.6 for AE31)
starttime  endtime    Babs_bb   Babs_ff    eBC_bb    eBC_ff
[from data line 801]
33.375000 33.416667    0.4667    0.0000    0.0601    0.0000
33.416667 33.458333    0.4488    0.0000    0.0578    0.0000
33.458333 33.500000    0.4231    0.0000    0.0544    0.0000
33.500000 33.541667    0.3844    0.0000    0.0495    0.0000
33.541667 33.583333    0.3699    0.0000    0.0476    0.0000
33.583333 33.625000    0.3649    0.0067    0.0470    0.0009
33.625000 33.666667    0.3919    0.0040    0.0504    0.0005
33.666667 33.708333    0.3952    0.0070    0.0509    0.0009
33.708333 33.750000    0.3829    0.0015    0.0493    0.0002
33.750000 33.791667    0.3305    0.0019    0.0425    0.0002
33.791667 33.833333    0.3380    0.0037    0.0435    0.0005
33.833333 33.875000    0.3918    0.0014    0.0504    0.0002
33.875000 33.916667    0.3908    0.0000    0.0503    0.0000
33.916667 33.958333    0.4504    0.0001    0.0580    0.0000
33.958333 34.000000    0.3679    0.0000    0.0473    0.0000
34.000000 34.041667    0.3284    0.0010    0.0423    0.0001
34.041667 34.083333    0.3524    0.0001    0.0454    0.0000
34.083333 34.125000    0.2972    0.0000    0.0383    0.0000
34.125000 34.166667    0.3087    0.0001    0.0397    0.0000
34.166667 34.208333    0.2604    0.0000    0.0335    0.0000
34.208333 34.250000  999.9999  999.9999  999.9999  999.9999
34.250000 34.291667  999.9999  999.9999  999.9999  999.9999
34.291667 34.333333    0.2532    0.0031    0.0326    0.0004
34.333333 34.375000    0.2019    0.0000    0.0260    0.0000
34.375000 34.416667    0.1307    0.0000    0.0168    0.0000
34.416667 34.458333    0.1151    0.0000    0.0148    0.0000
34.458333 34.500000    0.1033    0.0000    0.0133    0.0000
34.500000 34.541667    0.0882    0.0238    0.0114    0.0031
34.541667 34.583333  999.9999  999.9999  999.9999  999.9999
34.583333 34.625000  999.9999  999.9999  999.9999  999.9999
34.625000 34.666667  999.9999  999.9999  999.9999  999.9999
34.666667 34.708333  999.9999  999.9999  999.9999  999.9999
34.708333 34.750000    0.1875    0.0000    0.0241    0.0000
34.750000 34.791667  999.9999  999.9999  999.9999  999.9999
34.791667 34.833333  999.9999  999.9999  999.9999  999.9999
34.833333 34.875000  999.9999  999.9999  999.9999  999.9999
34.875000 34.916667  999.9999  999.9999  999.9999  999.9999
34.916667 34.958333  999.9999  999.9999  999.9999  999.9999
34.958333 35.000000  999.9999  999.9999  999.9999  999.9999
35.000000 35.041667  999.9999  999.9999  999.9999  999.9999
35.041667 35.083333    0.1787    0.0000    0.0230    0.0000
35.083333 35.125000    0.1870    0.0000    0.0241    0.0000
35.125000 35.166667    0.1697    0.0071    0.0218    0.0009
35.166667 35.208333    0.1720    0.0121    0.0221    0.0016
35.208333 35.250000    0.1683    0.0000    0.0217    0.0000
35.250000 35.291667    0.1333    0.0000    0.0172    0.0000
35.291667 35.333333    0.1257    0.0000    0.0162    0.0000
35.333333 35.375000    0.1201    0.0000    0.0155    0.0000
35.375000 35.416667    0.1482    0.0000    0.0191    0.0000
35.416667 35.458333    0.1562    0.0000    0.0201    0.0000
35.458333 35.500000    0.1486    0.0000    0.0191    0.0000
35.500000 35.541667    0.1321    0.0026    0.0170    0.0003
35.541667 35.583333    0.1176    0.0028    0.0151    0.0004
35.583333 35.625000    0.1239    0.0000    0.0159    0.0000
35.625000 35.666667    0.1373    0.0000    0.0177    0.0000
35.666667 35.708333    0.1590    0.0020    0.0205    0.0003
35.708333 35.750000    0.2251    0.0003    0.0290    0.0000
35.750000 35.791667    0.1862    0.0375    0.0240    0.0048
35.791667 35.833333    0.3172    0.0057    0.0408    0.0007
35.833333 35.875000    0.3582    0.0099    0.0461    0.0013
35.875000 35.916667    0.3334    0.0331    0.0429    0.0043
35.916667 35.958333    0.2958    0.0314    0.0381    0.0040
35.958333 36.000000    0.3331    0.0000    0.0429    0.0000
36.000000 36.041667    0.2915    0.0375    0.0375    0.0048
36.041667 36.083333    0.2993    0.0202    0.0385    0.0026
36.083333 36.125000    0.2622    0.0237    0.0337    0.0031
36.125000 36.166667    0.2464    0.0403    0.0317    0.0052
36.166667 36.208333    0.2426    0.0096    0.0312    0.0012
36.208333 36.250000    0.2068    0.0154    0.0266    0.0020
36.250000 36.291667    0.2262    0.0007    0.0291    0.0001
36.291667 36.333333    0.2018    0.0000    0.0260    0.0000
36.333333 36.375000    0.1600    0.0029    0.0206    0.0004
36.375000 36.416667    0.1618    0.0036    0.0208    0.0005
36.416667 36.458333    0.1886    0.0031    0.0243    0.0004
36.458333 36.500000    0.2224    0.0024    0.0286    0.0003
36.500000 36.541667    0.2306    0.0060    0.0297    0.0008
36.541667 36.583333    0.1956    0.0094    0.0252    0.0012
36.583333 36.625000    0.1999    0.0067    0.0257    0.0009
36.625000 36.666667    0.2000    0.0086    0.0257    0.0011
36.666667 36.708333    0.2065    0.0054    0.0266    0.0007
36.708333 36.750000    0.1943    0.0098    0.0250    0.0013
36.750000 36.791667    0.1990    0.0111    0.0256    0.0014
36.791667 36.833333    0.2126    0.0079    0.0274    0.0010
36.833333 36.875000    0.2035    0.0120    0.0262    0.0015
36.875000 36.916667    0.2252    0.0060    0.0290    0.0008
36.916667 36.958333    0.2288    0.0095    0.0294    0.0012
36.958333 37.000000    0.2105    0.0075    0.0271    0.0010
37.000000 37.041667    0.1430    0.0145    0.0184    0.0019
37.041667 37.083333    0.1236    0.0109    0.0159    0.0014
37.083333 37.125000    0.1285    0.0129    0.0165    0.0017
37.125000 37.166667    0.1150    0.0171    0.0148    0.0022
37.166667 37.208333    0.1110    0.0270    0.0143    0.0035
37.208333 37.250000    0.1138    0.0223    0.0147    0.0029
37.250000 37.291667    0.0782    0.0151    0.0101    0.0019
37.291667 37.333333    0.0875    0.0188    0.0113    0.0024
37.333333 37.375000    0.0804    0.0150    0.0103    0.0019
37.375000 37.416667    0.0868    0.0128    0.0112    0.0017
37.416667 37.458333    0.1056    0.0106    0.0136    0.0014
37.458333 37.500000    0.1196    0.0080    0.0154    0.0010
37.500000 37.541667    0.1115    0.0070    0.0144    0.0009
37.541667 37.583333    0.1203    0.0064    0.0155    0.0008
37.583333 37.625000    0.0923    0.0118    0.0119    0.0015
37.625000 37.666667    0.0968    0.0149    0.0125    0.0019
37.666667 37.708333    0.1067    0.0179    0.0137    0.0023
37.708333 37.750000    0.0839    0.0099    0.0108    0.0013
37.750000 37.791667    0.0804    0.0042    0.0104    0.0005
37.791667 37.833333    0.0781    0.0022    0.0100    0.0003
37.833333 37.875000    0.0648    0.0060    0.0083    0.0008
37.875000 37.916667    0.0854    0.0034    0.0110    0.0004
37.916667 37.958333    0.0930    0.0039    0.0120    0.0005
37.958333 38.000000    0.1018    0.0074    0.0131    0.0010
38.000000 38.041667    0.1225    0.0026    0.0158    0.0003
38.041667 38.083333    0.1298    0.0035    0.0167    0.0005
38.083333 38.125000    0.1280    0.0041    0.0165    0.0005
38.125000 38.166667    0.1311    0.0010    0.0169    0.0001
38.166667 38.208333    0.1340    0.0004    0.0172    0.0001
38.208333 38.250000    0.1330    0.0002    0.0171    0.0000
38.250000 38.291667    0.1291    0.0001    0.0166    0.0000
38.291667 38.333333    0.1206    0.0020    0.0155    0.0003
38.333333 38.375000    0.1260    0.0003    0.0162    0.0000
38.375000 38.416667    0.1376    0.0000    0.0177    0.0000
38.416667 38.458333    0.1446    0.0000    0.0186    0.0000
38.458333 38.500000    0.1350    0.0006    0.0174    0.0001
38.500000 38.541667    0.1187    0.0025    0.0153    0.0003
38.541667 38.583333    0.1170    0.0046    0.0151    0.0006
38.583333 38.625000    0.1389    0.0000    0.0179    0.0000
38.625000 38.666667    0.1398    0.0000    0.0180    0.0000
38.666667 38.708333    0.1169    0.0026    0.0151    0.0003
38.708333 38.750000    0.1020    0.0095    0.0131    0.0012
38.750000 38.791667    0.1066    0.0000    0.0137    0.0000
38.791667 38.833333    0.1193    0.0084    0.0154    0.0011
38.833333 38.875000    0.1129    0.0064    0.0145    0.0008
38.875000 38.916667    0.1260    0.0066    0.0162    0.0008
38.916667 38.958333    0.1290    0.0036    0.0166    0.0005
38.958333 39.000000    0.1166    0.0060    0.0150    0.0008
39.000000 39.041667    0.1090    0.0040    0.0140    0.0005
39.041667 39.083333  999.9999  999.9999  999.9999  999.9999
39.083333 39.125000  999.9999  999.9999  999.9999  999.9999
39.125000 39.166667    0.0797    0.0182    0.0103    0.0023
39.166667 39.208333    0.1536    0.0000    0.0198    0.0000
39.208333 39.250000    0.2429    0.0042    0.0313    0.0005
39.250000 39.291667    0.2936    0.0022    0.0378    0.0003
39.291667 39.333333    0.2832    0.0000    0.0364    0.0000
39.333333 39.375000    0.2381    0.0021    0.0306    0.0003
39.375000 39.416667    0.2667    0.0000    0.0343    0.0000
39.416667 39.458333    0.2296    0.0038    0.0296    0.0005
39.458333 39.500000    0.1972    0.0036    0.0254    0.0005
39.500000 39.541667  999.9999  999.9999  999.9999  999.9999
39.541667 39.583333  999.9999  999.9999  999.9999  999.9999
39.583333 39.625000  999.9999  999.9999  999.9999  999.9999
39.625000 39.666667  999.9999  999.9999  999.9999  999.9999
39.666667 39.708333  999.9999  999.9999  999.9999  999.9999
39.708333 39.750000    0.3103    0.0000    0.0399    0.0000
39.750000 39.791667    0.2853    0.0003    0.0367    0.0000
39.791667 39.833333    0.2223    0.0017    0.0286    0.0002
39.833333 39.875000    0.1908    0.0000    0.0245    0.0000
39.875000 39.916667    0.1492    0.0012    0.0192    0.0002
39.916667 39.958333    0.1458    0.0016    0.0188    0.0002
39.958333 40.000000    0.1074    0.0011    0.0138    0.0001
40.000000 40.041667  999.9999  999.9999  999.9999  999.9999
40.041667 40.083333    0.0621    0.0000    0.0080    0.0000
40.083333 40.125000    0.0633    0.0000    0.0081    0.0000
40.125000 40.166667    0.0344    0.0000    0.0044    0.0000
40.166667 40.208333    0.0339    0.0000    0.0044    0.0000
40.208333 40.250000    0.0338    0.0000    0.0043    0.0000
40.250000 40.291667    0.0248    0.0000    0.0032    0.0000
40.291667 40.333333    0.0180    0.0000    0.0023    0.0000
40.333333 40.375000    0.0442    0.0000    0.0057    0.0000
40.375000 40.416667    0.0481    0.0000    0.0062    0.0000
40.416667 40.458333    0.0590    0.0000    0.0076    0.0000
40.458333 40.500000  999.9999  999.9999  999.9999  999.9999
40.500000 40.541667    0.0088    0.0000    0.0011    0.0000
40.541667 40.583333  999.9999  999.9999  999.9999  999.9999
40.583333 40.625000  999.9999  999.9999  999.9999  999.9999
40.625000 40.666667  999.9999  999.9999  999.9999  999.9999
40.666667 40.708333  999.9999  999.9999  999.9999  999.9999
40.708333 40.750000  999.9999  999.9999  999.9999  999.9999
40.750000 40.791667  999.9999  999.9999  999.9999  999.9999
40.791667 40.833333  999.9999  999.9999  999.9999  999.9999
40.833333 40.875000    0.0263    0.0073    0.0034    0.0009
40.875000 40.916667    0.0120    0.0001    0.0015    0.0000
40.916667 40.958333    0.0409    0.0000    0.0053    0.0000
40.958333 41.000000    0.0342    0.0076    0.0044    0.0010
41.000000 41.041667    0.0213    0.0078    0.0027    0.0010
41.041667 41.083333    0.0274    0.0052    0.0035    0.0007
41.083333 41.125000  999.9999  999.9999  999.9999  999.9999
41.125000 41.166667    0.0932    0.0178    0.0120    0.0023
41.166667 41.208333    0.1118    0.0228    0.0144    0.0029
41.208333 41.250000    0.1124    0.0230    0.0145    0.0030
41.250000 41.291667    0.1085    0.0229    0.0140    0.0030
41.291667 41.333333    0.1211    0.0186    0.0156    0.0024
41.333333 41.375000    0.1315    0.0127    0.0169    0.0016
41.375000 41.416667    0.1502    0.0051    0.0193    0.0007
41.416667 41.458333    0.1615    0.0058    0.0208    0.0007
41.458333 41.500000    0.1400    0.0000    0.0180    0.0000
41.500000 41.541667    0.0919    0.0098    0.0118    0.0013
41.541667 41.583333    0.0628    0.0146    0.0081    0.0019
41.583333 41.625000    0.0890    0.0000    0.0114    0.0000
41.625000 41.666667    0.0344    0.0036    0.0044    0.0005
41.666667 41.708333    0.1370    0.0189    0.0176    0.0024
41.708333 41.750000    0.1794    0.0358    0.0231    0.0046
41.750000 41.791667    0.1888    0.0483    0.0243    0.0062
41.791667 41.833333    0.1564    0.0360    0.0201    0.0046
41.833333 41.875000    0.1150    0.0275    0.0148    0.0035
41.875000 41.916667    0.1271    0.0284    0.0164    0.0037
41.916667 41.958333    0.0804    0.0204    0.0103    0.0026
41.958333 42.000000    0.0465    0.0038    0.0060    0.0005
42.000000 42.041667    0.0414    0.0016    0.0053    0.0002
42.041667 42.083333    0.0433    0.0141    0.0056    0.0018
42.083333 42.125000    0.0890    0.0135    0.0115    0.0017
42.125000 42.166667    0.0816    0.0108    0.0105    0.0014
42.166667 42.208333    0.1336    0.0264    0.0172    0.0034
42.208333 42.250000    0.1749    0.0280    0.0225    0.0036
42.250000 42.291667    0.0858    0.0141    0.0110    0.0018
42.291667 42.333333    0.0396    0.0379    0.0051    0.0049
42.333333 42.375000  999.9999  999.9999  999.9999  999.9999
42.375000 42.416667    0.0357    0.0000    0.0046    0.0000
42.416667 42.458333    0.0693    0.1433    0.0089    0.0184
42.458333 42.500000  999.9999  999.9999  999.9999  999.9999
42.500000 42.541667    0.1147    0.0281    0.0148    0.0036
42.541667 42.583333    0.0930    0.0525    0.0120    0.0068
42.583333 42.625000  999.9999  999.9999  999.9999  999.9999
42.625000 42.666667    0.0420    0.0186    0.0054    0.0024
42.666667 42.708333    0.0527    0.0177    0.0068    0.0023
42.708333 42.750000  999.9999  999.9999  999.9999  999.9999
42.750000 42.791667  999.9999  999.9999  999.9999  999.9999
42.791667 42.833333  999.9999  999.9999  999.9999  999.9999
42.833333 42.875000    0.0367    0.0206    0.0047    0.0027
42.875000 42.916667  999.9999  999.9999  999.9999  999.9999
42.916667 42.958333    0.0000    0.0560    0.0000    0.0072
42.958333 43.000000    0.0000    0.0872    0.0000    0.0112
43.000000 43.041667  999.9999  999.9999  999.9999  999.9999
43.041667 43.083333  999.9999  999.9999  999.9999  999.9999
43.083333 43.125000  999.9999  999.9999  999.9999  999.9999
43.125000 43.166667  999.9999  999.9999  999.9999  999.9999
43.166667 43.208333    0.0000    0.0902    0.0000    0.0116
43.208333 43.250000  999.9999  999.9999  999.9999  999.9999
43.250000 43.291667    0.0800    0.0000    0.0103    0.0000
43.291667 43.333333  999.9999  999.9999  999.9999  999.9999
43.333333 43.375000  999.9999  999.9999  999.9999  999.9999
43.375000 43.416667    0.0005    0.3307    0.0001    0.0426
43.416667 43.458333  999.9999  999.9999  999.9999  999.9999
43.458333 43.500000  999.9999  999.9999  999.9999  999.9999
43.500000 43.541667  999.9999  999.9999  999.9999  999.9999
43.541667 43.583333  999.9999  999.9999  999.9999  999.9999
43.583333 43.625000  999.9999  999.9999  999.9999  999.9999
43.625000 43.666667    0.0913    0.0069    0.0117    0.0009
43.666667 43.708333  999.9999  999.9999  999.9999  999.9999
43.708333 43.750000    0.3431    0.0000    0.0442    0.0000
43.750000 43.791667  999.9999  999.9999  999.9999  999.9999
43.791667 43.833333  999.9999  999.9999  999.9999  999.9999
43.833333 43.875000  999.9999  999.9999  999.9999  999.9999
43.875000 43.916667    0.1155    0.0517    0.0149    0.0067
43.916667 43.958333  999.9999  999.9999  999.9999  999.9999
43.958333 44.000000    0.1109    0.0304    0.0143    0.0039
44.000000 44.041667    0.0696    0.0719    0.0090    0.0093
44.041667 44.083333    0.0649    0.0254    0.0084    0.0033
44.083333 44.125000    0.1754    0.0947    0.0226    0.0122
44.125000 44.166667    0.2348    0.0956    0.0302    0.0123
44.166667 44.208333    0.3075    0.1103    0.0396    0.0142
44.208333 44.250000    0.2760    0.0909    0.0355    0.0117
44.250000 44.291667    0.2796    0.0927    0.0360    0.0119
44.291667 44.333333    0.2794    0.0892    0.0360    0.0115
44.333333 44.375000    0.3350    0.1096    0.0431    0.0141
44.375000 44.416667    0.3358    0.1056    0.0432    0.0136
