tests/testdata/PMF_Absorption/Zeppelin_absorption_20171201_3mo_PMF_lev3.nas
25, 1001
Fiebig, Markus; Eleftheriadis, Konstantinos
NO01L, Norwegian Institute for Air Research, NILU,, Instituttveien 18,, N-2027, Kjeller, Norway
EIMPS Winter campaign (20171201 - 20180301), Aethalometer data (hourly), PMF applied
EMEP CAMPAIGN COLOSSAL
1 1
2017 12 01 2018 03 01
0.041667
days from file reference point
5
1 1 1 1 1
999.999999 999.9999 999.9999 999.9999 999.9999
end_time of measurement, days from the file reference point
Babs_bb, 1/Mm 
Babs_ff, 1/Mm 
eBC_bb, ug/m3 
eBC_ff, ug/m3 
Startdate: 20171201000000
Station name: Zeppelin
Station latitude:  78.907 
Station longitude:  11.887 
Station altitude: 474.0m 
MAC_880nm: 7.77
Comment: Conversion factor (MAC_880nm) for Babs to eBC [ug/m3] using colocated EC where available. Should not necessarily be interpreted as "true MAC". Where no colocated EC data was available we have used instrument MAC vales (7.77 for AE33 16.6 for AE31)
starttime  endtime    Babs_bb   Babs_ff    eBC_bb    eBC_ff
[from data line 267]
11.125000 11.166667    0.0968    0.1825    0.0125    0.0235
11.166667 11.208333    0.0867    0.1824    0.0112    0.0235
11.208333 11.250000    0.1177    0.2269    0.0151    0.0292
11.250000 11.291667    0.1087    0.2094    0.0140    0.0269
11.291667 11.333333    0.0709    0.1635    0.0091    0.0210
11.333333 11.375000    0.0892    0.1344    0.0115    0.0173
11.375000 11.416667    0.0966    0.1070    0.0124    0.0138
11.416667 11.458333    0.0778    0.1102    0.0100    0.0142
11.458333 11.500000    0.0467    0.1041    0.0060    0.0134
11.500000 11.541667    0.0259    0.0923    0.0033    0.0119
11.541667 11.583333    0.0191    0.0857    0.0025    0.0110
11.583333 11.625000    0.0282    0.0683    0.0036    0.0088
11.625000 11.666667    0.0306    0.0557    0.0039    0.0072
11.666667 11.708333    0.0151    0.0519    0.0019    0.0067
11.708333 11.750000    0.0167    0.0531    0.0022    0.0068
11.750000 11.791667    0.0359    0.0466    0.0046    0.0060
11.791667 11.833333    0.0392    0.0401    0.0050    0.0052
11.833333 11.875000    0.0398    0.0370    0.0051    0.0048
11.875000 11.916667    0.0525    0.0314    0.0068    0.0040
11.916667 11.958333    0.0518    0.0407    0.0067    0.0052
11.958333 12.000000    0.0670    0.0702    0.0086    0.0090
12.000000 12.041667    0.0838    0.0906    0.0108    0.0117
12.041667 12.083333    0.0970    0.1209    0.0125    0.0156
12.083333 12.125000    0.1009    0.1261    0.0130    0.0162
12.125000 12.166667    0.1052    0.1329    0.0135    0.0171
12.166667 12.208333    0.1074    0.1491    0.0138    0.0192
12.208333 12.250000    0.1059    0.1600    0.0136    0.0206
12.250000 12.291667    0.1261    0.1620    0.0162    0.0208
12.291667 12.333333    0.1454    0.1706    0.0187    0.0220
12.333333 12.375000    0.1465    0.1768    0.0189    0.0228
12.375000 12.416667    0.1960    0.1936    0.0252    0.0249
12.416667 12.458333    0.1831    0.1822    0.0236    0.0234
12.458333 12.500000    0.1453    0.1604    0.0187    0.0206
12.500000 12.541667    0.1079    0.1343    0.0139    0.0173
12.541667 12.583333    0.1018    0.1090    0.0131    0.0140
12.583333 12.625000    0.1031    0.0993    0.0133    0.0128
12.625000 12.666667    0.0879    0.0841    0.0113    0.0108
12.666667 12.708333    0.0437    0.0903    0.0056    0.0116
12.708333 12.750000    0.0295    0.0764    0.0038    0.0098
12.750000 12.791667    0.0292    0.0787    0.0038    0.0101
12.791667 12.833333    0.0565    0.0781    0.0073    0.0101
12.833333 12.875000    0.0548    0.0786    0.0071    0.0101
12.875000 12.916667    0.0454    0.0805    0.0058    0.0104
12.916667 12.958333    0.0305    0.0765    0.0039    0.0099
12.958333 13.000000    0.0361    0.0844    0.0046    0.0109
13.000000 13.041667    0.0483    0.1013    0.0062    0.0130
13.041667 13.083333    0.0594    0.1057    0.0076    0.0136
13.083333 13.125000    0.0895    0.1374    0.0115    0.0177
13.125000 13.166667    0.0980    0.1706    0.0126    0.0220
13.166667 13.208333    0.1257    0.1409    0.0162    0.0181
13.208333 13.250000    0.1102    0.1689    0.0142    0.0217
13.250000 13.291667    0.1265    0.2513    0.0163    0.0323
13.291667 13.333333    0.0997    0.2712    0.0128    0.0349
13.333333 13.375000    0.1090    0.2014    0.0140    0.0259
13.375000 13.416667    0.1199    0.1597    0.0154    0.0206
13.416667 13.458333    0.1250    0.2042    0.0161    0.0263
13.458333 13.500000    0.1456    0.2588    0.0187    0.0333
13.500000 13.541667    0.1994    0.4715    0.0257    0.0607
13.541667 13.583333    0.2841    0.6620    0.0366    0.0852
13.583333 13.625000    0.3705    0.6390    0.0477    0.0822
13.625000 13.666667    0.3154    0.6452    0.0406    0.0830
13.666667 13.708333    0.2780    0.6341    0.0358    0.0816
13.708333 13.750000    0.2704    0.6418    0.0348    0.0826
13.750000 13.791667    0.2702    0.6216    0.0348    0.0800
13.791667 13.833333    0.1719    0.4800    0.0221    0.0618
13.833333 13.875000    0.1282    0.3624    0.0165    0.0466
13.875000 13.916667    0.1065    0.4000    0.0137    0.0515
13.916667 13.958333    0.1177    0.3305    0.0151    0.0425
13.958333 14.000000    0.1259    0.2784    0.0162    0.0358
14.000000 14.041667    0.1430    0.2885    0.0184    0.0371
14.041667 14.083333    0.1114    0.2323    0.0143    0.0299
14.083333 14.125000    0.1055    0.2178    0.0136    0.0280
14.125000 14.166667    0.0993    0.2070    0.0128    0.0266
14.166667 14.208333    0.0810    0.1851    0.0104    0.0238
14.208333 14.250000    0.0726    0.1334    0.0093    0.0172
14.250000 14.291667    0.0500    0.1261    0.0064    0.0162
14.291667 14.333333    0.0806    0.1554    0.0104    0.0200
14.333333 14.375000    0.1375    0.2285    0.0177    0.0294
14.375000 14.416667    0.1895    0.2804    0.0244    0.0361
14.416667 14.458333    0.1907    0.2751    0.0245    0.0354
14.458333 14.500000    0.1891    0.3170    0.0243    0.0408
14.500000 14.541667    0.1492    0.2751    0.0192    0.0354
14.541667 14.583333    0.1352    0.2879    0.0174    0.0371
14.583333 14.625000    0.1531    0.3205    0.0197    0.0412
14.625000 14.666667    0.1930    0.3930    0.0248    0.0506
14.666667 14.708333    0.2068    0.3986    0.0266    0.0513
14.708333 14.750000    0.2928    0.5197    0.0377    0.0669
14.750000 14.791667    0.3604    0.6546    0.0464    0.0843
14.791667 14.833333    0.4097    0.7278    0.0527    0.0937
14.833333 14.875000    0.4404    0.7288    0.0567    0.0938
14.875000 14.916667    0.4796    0.7997    0.0617    0.1029
14.916667 14.958333    0.4566    0.7749    0.0588    0.0997
14.958333 15.000000    0.5187    0.8930    0.0668    0.1149
15.000000 15.041667    0.5133    0.8972    0.0661    0.1155
15.041667 15.083333    0.5162    0.8955    0.0664    0.1152
15.083333 15.125000    0.5280    0.9017    0.0680    0.1161
15.125000 15.166667    0.5034    0.8728    0.0648    0.1123
15.166667 15.208333    0.5032    0.9064    0.0648    0.1167
15.208333 15.250000    0.5118    0.9292    0.0659    0.1196
15.250000 15.291667    0.5396    0.9410    0.0694    0.1211
15.291667 15.333333    0.5291    0.8861    0.0681    0.1140
15.333333 15.375000    0.5263    0.8929    0.0677    0.1149
15.375000 15.416667    0.5347    0.8929    0.0688    0.1149
15.416667 15.458333    0.5168    0.8545    0.0665    0.1100
15.458333 15.500000    0.4878    0.8067    0.0628    0.1038
15.500000 15.541667    0.4846    0.7664    0.0624    0.0986
15.541667 15.583333    0.4722    0.7690    0.0608    0.0990
15.583333 15.625000    0.4174    0.7050    0.0537    0.0907
15.625000 15.666667    0.4024    0.7104    0.0518    0.0914
15.666667 15.708333    0.3443    0.6783    0.0443    0.0873
15.708333 15.750000    0.3488    0.6231    0.0449    0.0802
15.750000 15.791667    0.3184    0.5699    0.0410    0.0734
15.791667 15.833333    0.3045    0.5104    0.0392    0.0657
15.833333 15.875000    0.2861    0.4285    0.0368    0.0551
15.875000 15.916667    0.2737    0.4184    0.0352    0.0538
15.916667 15.958333    0.3202    0.4797    0.0412    0.0617
15.958333 16.000000    0.3581    0.5766    0.0461    0.0742
16.000000 16.041667    0.3606    0.5671    0.0464    0.0730
16.041667 16.083333    0.3291    0.4917    0.0424    0.0633
16.083333 16.125000    0.3585    0.5192    0.0461    0.0668
16.125000 16.166667    0.3464    0.4818    0.0446    0.0620
16.166667 16.208333    0.3410    0.4554    0.0439    0.0586
16.208333 16.250000    0.3183    0.4253    0.0410    0.0547
16.250000 16.291667    0.2817    0.3596    0.0363    0.0463
16.291667 16.333333    0.3054    0.3421    0.0393    0.0440
16.333333 16.375000    0.2753    0.3001    0.0354    0.0386
16.375000 16.416667    0.2922    0.3264    0.0376    0.0420
16.416667 16.458333    0.2981    0.3409    0.0384    0.0439
16.458333 16.500000    0.2683    0.3012    0.0345    0.0388
16.500000 16.541667    0.2700    0.3210    0.0348    0.0413
16.541667 16.583333    0.2437    0.2863    0.0314    0.0369
16.583333 16.625000    0.2520    0.2409    0.0324    0.0310
16.625000 16.666667    0.2357    0.2478    0.0303    0.0319
16.666667 16.708333    0.2815    0.1608    0.0362    0.0207
16.708333 16.750000    0.2205    0.1990    0.0284    0.0256
16.750000 16.791667    0.1908    0.1673    0.0246    0.0215
16.791667 16.833333    0.1987    0.1688    0.0256    0.0217
16.833333 16.875000    0.1936    0.1754    0.0249    0.0226
16.875000 16.916667    0.1824    0.1665    0.0235    0.0214
16.916667 16.958333    0.1829    0.1563    0.0235    0.0201
16.958333 17.000000    0.1665    0.1446    0.0214    0.0186
17.000000 17.041667    0.1758    0.1537    0.0226    0.0198
17.041667 17.083333    0.1607    0.1360    0.0207    0.0175
17.083333 17.125000    0.1760    0.1585    0.0226    0.0204
17.125000 17.166667    0.2105    0.2190    0.0271    0.0282
17.166667 17.208333    0.2241    0.2390    0.0288    0.0308
17.208333 17.250000    0.2248    0.2444    0.0289    0.0314
17.250000 17.291667    0.2424    0.2422    0.0312    0.0312
17.291667 17.333333    0.2490    0.2473    0.0320    0.0318
17.333333 17.375000    0.2340    0.2616    0.0301    0.0337
17.375000 17.416667    0.2334    0.2493    0.0300    0.0321
17.416667 17.458333    0.2269    0.2491    0.0292    0.0321
17.458333 17.500000    0.1959    0.2612    0.0252    0.0336
17.500000 17.541667    0.1806    0.2250    0.0232    0.0290
17.541667 17.583333    0.1851    0.2210    0.0238    0.0284
17.583333 17.625000    0.2023    0.1992    0.0260    0.0256
17.625000 17.666667    0.1746    0.1874    0.0225    0.0241
17.666667 17.708333    0.1693    0.1319    0.0218    0.0170
17.708333 17.750000    0.1103    0.1300    0.0142    0.0167
17.750000 17.791667    0.1050    0.1058    0.0135    0.0136
17.791667 17.833333    0.0991    0.0851    0.0127    0.0109
17.833333 17.875000    0.1074    0.0790    0.0138    0.0102
17.875000 17.916667    0.1227    0.0746    0.0158    0.0096
17.916667 17.958333    0.1182    0.0784    0.0152    0.0101
17.958333 18.000000    0.0883    0.0742    0.0114    0.0095
18.000000 18.041667    0.0787    0.0739    0.0101    0.0095
18.041667 18.083333    0.0871    0.1899    0.0112    0.0244
18.083333 18.125000  999.9999  999.9999  999.9999  999.9999
18.125000 18.166667    0.0000    0.3658    0.0000    0.0471
18.166667 18.208333    0.0653    0.1043    0.0084    0.0134
18.208333 18.250000    0.0662    0.1546    0.0085    0.0199
18.250000 18.291667    0.0440    0.0949    0.0057    0.0122
18.291667 18.333333  999.9999  999.9999  999.9999  999.9999
18.333333 18.375000    0.1426    0.0324    0.0183    0.0042
18.375000 18.416667    0.0486    0.1163    0.0063    0.0150
18.416667 18.458333  999.9999  999.9999  999.9999  999.9999
18.458333 18.500000    0.0660    0.1989    0.0085    0.0256
18.500000 18.541667  999.9999  999.9999  999.9999  999.9999
18.541667 18.583333  999.9999  999.9999  999.9999  999.9999
18.583333 18.625000    0.1378    0.1370    0.0177    0.0176
18.625000 18.666667    0.0177    0.1606    0.0023    0.0207
18.666667 18.708333  999.9999  999.9999  999.9999  999.9999
18.708333 18.750000    0.0000    0.3275    0.0000    0.0422
18.750000 18.791667  999.9999  999.9999  999.9999  999.9999
18.791667 18.833333    0.0000    1.3129    0.0000    0.1690
18.833333 18.875000  999.9999  999.9999  999.9999  999.9999
18.875000 18.916667  999.9999  999.9999  999.9999  999.9999
18.916667 18.958333  999.9999  999.9999  999.9999  999.9999
18.958333 19.000000  999.9999  999.9999  999.9999  999.9999
19.000000 19.041667    0.0353    0.0206    0.0045    0.0027
19.041667 19.083333  999.9999  999.9999  999.9999  999.9999
19.083333 19.125000    0.0135    0.0374    0.0017    0.0048
19.125000 19.166667    0.0158    0.0024    0.0020    0.0003
19.166667 19.208333  999.9999  999.9999  999.9999  999.9999
19.208333 19.250000    0.0913    0.0008    0.0118    0.0001
19.250000 19.291667    0.0177    0.0010    0.0023    0.0001
19.291667 19.333333    0.0240    0.0061    0.0031    0.0008
19.333333 19.375000    0.0378    0.0083    0.0049    0.0011
19.375000 19.416667    0.0062    0.1192    0.0008    0.0153
19.416667 19.458333    0.0000    0.1592    0.0000    0.0205
19.458333 19.500000  999.9999  999.9999  999.9999  999.9999
19.500000 19.541667  999.9999  999.9999  999.9999  999.9999
19.541667 19.583333    0.0010    0.0334    0.0001    0.0043
19.583333 19.625000    0.0067    0.0668    0.0009    0.0086
19.625000 19.666667  999.9999  999.9999  999.9999  999.9999
19.666667 19.708333    0.0345    0.0085    0.0044    0.0011
19.708333 19.750000  999.9999  999.9999  999.9999  999.9999
19.750000 19.791667    0.0000    0.0762    0.0000    0.0098
19.791667 19.833333    0.0000    0.1714    0.0000    0.0221
19.833333 19.875000    0.0067    0.0557    0.0009    0.0072
19.875000 19.916667    0.0000    0.0861    0.0000    0.0111
19.916667 19.958333    0.0171    0.1706    0.0022    0.0220
19.958333 20.000000    0.0018    0.1733    0.0002    0.0223
20.000000 20.041667    0.0012    0.1070    0.0002    0.0138
20.041667 20.083333    0.0016    0.1295    0.0002    0.0167
20.083333 20.125000    0.0000    0.0443    0.0000    0.0057
20.125000 20.166667    0.0000    0.1030    0.0000    0.0133
20.166667 20.208333    0.0001    0.0809    0.0000    0.0104
20.208333 20.250000    0.0010    0.1252    0.0001    0.0161
20.250000 20.291667  999.9999  999.9999  999.9999  999.9999
20.291667 20.333333    0.0100    0.0690    0.0013    0.0089
20.333333 20.375000    0.0265    0.0157    0.0034    0.0020
20.375000 20.416667    0.0205    0.0281    0.0026    0.0036
20.416667 20.458333    0.0000    0.0758    0.0000    0.0098
20.458333 20.500000    0.0323    0.0683    0.0042    0.0088
20.500000 20.541667    0.0000    0.2507    0.0000    0.0323
20.541667 20.583333    0.0136    0.0255    0.0018    0.0033
20.583333 20.625000    0.0000    0.0795    0.0000    0.0102
20.625000 20.666667    0.0064    0.1034    0.0008    0.0133
20.666667 20.708333    0.0552    0.1721    0.0071    0.0222
20.708333 20.750000    0.0098    0.1045    0.0013    0.0134
20.750000 20.791667    0.0000    0.0631    0.0000    0.0081
20.791667 20.833333    0.0000    0.0901    0.0000    0.0116
20.833333 20.875000    0.0234    0.0717    0.0030    0.0092
20.875000 20.916667    0.1020    0.1620    0.0131    0.0208
20.916667 20.958333    0.0342    0.1577    0.0044    0.0203
20.958333 21.000000  999.9999  999.9999  999.9999  999.9999
21.000000 21.041667    0.0301    0.0742    0.0039    0.0095
21.041667 21.083333    0.0237    0.0363    0.0030    0.0047
21.083333 21.125000    0.0004    0.0587    0.0001    0.0075
21.125000 21.166667    0.0000    0.0721    0.0000    0.0093
21.166667 21.208333    0.0000    0.0742    0.0000    0.0095
21.208333 21.250000    0.0055    0.0813    0.0007    0.0105
21.250000 21.291667    0.0216    0.0696    0.0028    0.0090
21.291667 21.333333    0.0302    0.0621    0.0039    0.0080
21.333333 21.375000    0.0028    0.0753    0.0004    0.0097
21.375000 21.416667    0.0404    0.0645    0.0052    0.0083
21.416667 21.458333    0.0830    0.1090    0.0107    0.0140
21.458333 21.500000    0.0648    0.0439    0.0083    0.0057
21.500000 21.541667    0.0847    0.0114    0.0109    0.0015
21.541667 21.583333    0.1082    0.0323    0.0139    0.0042
21.583333 21.625000    0.0521    0.0174    0.0067    0.0022
21.625000 21.666667    0.0499    0.0002    0.0064    0.0000
21.666667 21.708333    0.0514    0.0177    0.0066    0.0023
21.708333 21.750000    0.0329    0.0065    0.0042    0.0008
21.750000 21.791667    0.0000    0.0136    0.0000    0.0018
21.791667 21.833333  999.9999  999.9999  999.9999  999.9999
21.833333 21.875000  999.9999  999.9999  999.9999  999.9999
21.875000 21.916667  999.9999  999.9999  999.9999  999.9999
21.916667 21.958333    0.0000    0.0391    0.0000    0.0050
21.958333 22.000000  999.9999  999.9999  999.9999  999.9999
22.000000 22.041667    0.0002    0.0360    0.0000    0.0046
22.041667 22.083333    0.0000    0.0304    0.0000    0.0039
22.083333 22.125000    0.0182    0.0422    0.0023    0.0054
22.125000 22.166667    0.0094    0.0568    0.0012    0.0073
22.166667 22.208333    0.0145    0.0496    0.0019    0.0064
