tests/testdata/PMF_Absorption/Zeppelin_absorption_20171201_3mo_PMF_lev3.nas
25, 1001
Fiebig, Markus; Eleftheriadis, Konstantinos
NO01L, Norwegian Institute for Air Research, NILU,, Instituttveien 18,, N-2027, Kjeller, Norway
EIMPS Winter campaign (20171201 - 20180301), Aethalometer data (hourly), PMF applied
EMEP CAMPAIGN COLOSSAL
1 1
2017 12 01 2018 03 01
0.041667
days from file reference point
5
1 1 1 1 1
999.999999 999.9999 999.9999 999.9999 999.9999
end_time of measurement, days from the file reference point
Babs_bb, 1/Mm 
Babs_ff, 1/Mm 
eBC_bb, ug/m3 
eBC_ff, ug/m3 
Startdate: 20171201000000
Station name: Zeppelin
Station latitude:  78.907 
Station longitude:  11.887 
Station altitude: 474.0m 
MAC_880nm: 7.77
Comment: Conversion factor (MAC_880nm) for Babs to eBC [ug/m3] using colocated EC where available. Should not necessarily be interpreted as "true MAC". Where no colocated EC data was available we have used instrument MAC vales (7.77 for AE33 16.6 for AE31)
starttime  endtime    Babs_bb   Babs_ff    eBC_bb    eBC_ff
[from data line 534]
22.250000 22.291667  999.9999  999.9999  999.9999  999.9999
22.291667 22.333333  999.9999  999.9999  999.9999  999.9999
22.333333 22.375000  999.9999  999.9999  999.9999  999.9999
22.375000 22.416667  999.9999  999.9999  999.9999  999.9999
22.416667 22.458333    0.0233    0.0214    0.0030    0.0028
22.458333 22.500000    0.0030    0.0171    0.0004    0.0022
22.500000 22.541667  999.9999  999.9999  999.9999  999.9999
22.541667 22.583333  999.9999  999.9999  999.9999  999.9999
22.583333 22.625000    0.0163    0.0055    0.0021    0.0007
22.625000 22.666667    0.0021    0.0940    0.0003    0.0121
22.666667 22.708333    0.0254    0.0000    0.0033    0.0000
22.708333 22.750000    0.0000    0.0384    0.0000    0.0049
22.750000 22.791667    0.0252    0.0156    0.0032    0.0020
22.791667 22.833333    0.0399    0.0363    0.0051    0.0047
22.833333 22.875000  999.9999  999.9999  999.9999  999.9999
22.875000 22.916667  999.9999  999.9999  999.9999  999.9999
22.916667 22.958333    0.0000    0.6074    0.0000    0.0782
22.958333 23.000000    0.0002    0.0373    0.0000    0.0048
23.000000 23.041667  999.9999  999.9999  999.9999  999.9999
23.041667 23.083333    0.0331    0.0666    0.0043    0.0086
23.083333 23.125000  999.9999  999.9999  999.9999  999.9999
23.125000 23.166667    0.0162    0.0315    0.0021    0.0041
23.166667 23.208333    0.0123    0.0387    0.0016    0.0050
23.208333 23.250000    0.0830    0.0931    0.0107    0.0120
23.250000 23.291667    0.0000    0.0390    0.0000    0.0050
23.291667 23.333333    0.0164    0.0505    0.0021    0.0065
23.333333 23.375000  999.9999  999.9999  999.9999  999.9999
23.375000 23.416667    0.0008    0.0298    0.0001    0.0038
23.416667 23.458333  999.9999  999.9999  999.9999  999.9999
23.458333 23.500000  999.9999  999.9999  999.9999  999.9999
23.500000 23.541667    0.0576    0.0803    0.0074    0.0103
23.541667 23.583333    0.0811    0.0660    0.0104    0.0085
23.583333 23.625000    0.0532    0.0650    0.0068    0.0084
23.625000 23.666667    0.0450    0.0620    0.0058    0.0080
23.666667 23.708333    0.0349    0.0905    0.0045    0.0116
23.708333 23.750000    0.0327    0.0932    0.0042    0.0120
23.750000 23.791667    0.0335    0.1238    0.0043    0.0159
23.791667 23.833333    0.0271    0.1438    0.0035    0.0185
23.833333 23.875000    0.0425    0.1537    0.0055    0.0198
23.875000 23.916667    0.0212    0.1016    0.0027    0.0131
23.916667 23.958333    0.0028    0.0881    0.0004    0.0113
23.958333 24.000000    0.0222    0.1197    0.0029    0.0154
24.000000 24.041667    0.0644    0.1130    0.0083    0.0145
24.041667 24.083333    0.0694    0.1301    0.0089    0.0167
24.083333 24.125000    0.0815    0.1459    0.0105    0.0188
24.125000 24.166667    0.1316    0.1411    0.0169    0.0182
24.166667 24.208333    0.1063    0.1520    0.0137    0.0196
24.208333 24.250000    0.0913    0.1411    0.0117    0.0182
24.250000 24.291667    0.1353    0.1364    0.0174    0.0176
24.291667 24.333333    0.0252    0.3009    0.0032    0.0387
24.333333 24.375000    0.1525    0.2003    0.0196    0.0258
24.375000 24.416667    0.1334    0.2634    0.0172    0.0339
24.416667 24.458333    0.1813    0.1944    0.0233    0.0250
24.458333 24.500000    0.1407    0.2641    0.0181    0.0340
24.500000 24.541667    0.1822    0.2208    0.0234    0.0284
24.541667 24.583333    0.1804    0.1823    0.0232    0.0235
24.583333 24.625000    0.1627    0.1690    0.0209    0.0218
24.625000 24.666667    0.1376    0.1476    0.0177    0.0190
24.666667 24.708333    0.1397    0.1472    0.0180    0.0189
24.708333 24.750000    0.1193    0.1293    0.0154    0.0166
24.750000 24.791667    0.1255    0.1403    0.0162    0.0181
24.791667 24.833333    0.0926    0.0994    0.0119    0.0128
24.833333 24.875000    0.1137    0.1311    0.0146    0.0169
24.875000 24.916667    0.1144    0.1342    0.0147    0.0173
24.916667 24.958333    0.0989    0.1191    0.0127    0.0153
24.958333 25.000000    0.1231    0.1319    0.0158    0.0170
25.000000 25.041667    0.1350    0.1772    0.0174    0.0228
25.041667 25.083333    0.1449    0.2030    0.0187    0.0261
25.083333 25.125000    0.2645    0.3250    0.0340    0.0418
25.125000 25.166667    0.2764    0.3499    0.0356    0.0450
25.166667 25.208333    0.2036    0.2625    0.0262    0.0338
25.208333 25.250000    0.2082    0.2512    0.0268    0.0323
25.250000 25.291667    0.2414    0.2670    0.0311    0.0344
25.291667 25.333333    0.2891    0.2788    0.0372    0.0359
25.333333 25.375000    0.2724    0.2302    0.0351    0.0296
25.375000 25.416667    0.2956    0.1969    0.0380    0.0253
25.416667 25.458333    0.3130    0.1926    0.0403    0.0248
25.458333 25.500000    0.3466    0.2114    0.0446    0.0272
25.500000 25.541667    0.1231    0.2022    0.0158    0.0260
25.541667 25.583333    0.0781    0.2283    0.0101    0.0294
25.583333 25.625000    0.0248    0.2643    0.0032    0.0340
25.625000 25.666667    0.0498    0.1742    0.0064    0.0224
25.666667 25.708333    0.0829    0.0722    0.0107    0.0093
25.708333 25.750000    0.0308    0.0875    0.0040    0.0113
25.750000 25.791667    0.0012    0.1132    0.0002    0.0146
25.791667 25.833333    0.0059    0.1211    0.0008    0.0156
25.833333 25.875000    0.0550    0.0858    0.0071    0.0110
25.875000 25.916667    0.0013    0.1635    0.0002    0.0210
25.916667 25.958333    0.0016    0.1611    0.0002    0.0207
25.958333 26.000000    0.0339    0.1539    0.0044    0.0198
26.000000 26.041667    0.0021    0.1559    0.0003    0.0201
26.041667 26.083333    0.0000    0.1160    0.0000    0.0149
26.083333 26.125000    0.0122    0.1885    0.0016    0.0243
26.125000 26.166667    0.0572    0.2712    0.0074    0.0349
26.166667 26.208333    0.0296    0.1924    0.0038    0.0248
26.208333 26.250000    0.0329    0.3071    0.0042    0.0395
26.250000 26.291667    0.0247    0.6931    0.0032    0.0892
26.291667 26.333333    0.0185    0.9550    0.0024    0.1229
26.333333 26.375000    0.0770    0.9825    0.0099    0.1265
26.375000 26.416667    0.0990    0.9520    0.0127    0.1225
26.416667 26.458333    0.0962    0.8563    0.0124    0.1102
26.458333 26.500000    0.3248    0.1064    0.0418    0.0137
26.500000 26.541667    0.2935    0.0762    0.0378    0.0098
26.541667 26.583333    0.2908    0.0635    0.0374    0.0082
26.583333 26.625000    0.2518    0.0438    0.0324    0.0056
26.625000 26.666667    0.2233    0.0386    0.0287    0.0050
26.666667 26.708333    0.1863    0.0386    0.0240    0.0050
26.708333 26.750000    0.1804    0.0251    0.0232    0.0032
26.750000 26.791667    0.2139    0.0401    0.0275    0.0052
26.791667 26.833333    0.2137    0.0243    0.0275    0.0031
26.833333 26.875000    0.1246    0.0568    0.0160    0.0073
26.875000 26.916667    0.1496    0.0596    0.0193    0.0077
26.916667 26.958333    0.2984    0.0663    0.0384    0.0085
26.958333 27.000000    0.2273    0.1806    0.0292    0.0232
27.000000 27.041667    0.4439    0.0764    0.0571    0.0098
27.041667 27.083333    0.4361    0.0956    0.0561    0.0123
27.083333 27.125000    0.1275    0.1268    0.0164    0.0163
27.125000 27.166667    0.0846    0.0325    0.0109    0.0042
27.166667 27.208333    0.0463    0.0351    0.0060    0.0045
27.208333 27.250000    0.1053    0.0045    0.0136    0.0006
27.250000 27.291667    0.0892    0.0157    0.0115    0.0020
27.291667 27.333333    0.0852    0.0143    0.0110    0.0018
27.333333 27.375000    0.0884    0.0051    0.0114    0.0007
27.375000 27.416667    0.0677    0.0110    0.0087    0.0014
27.416667 27.458333    0.0656    0.0150    0.0084    0.0019
27.458333 27.500000    0.0731    0.0156    0.0094    0.0020
27.500000 27.541667    0.0708    0.0092    0.0091    0.0012
27.541667 27.583333    0.0497    0.0134    0.0064    0.0017
27.583333 27.625000    0.0548    0.0113    0.0070    0.0015
27.625000 27.666667    0.0816    0.0265    0.0105    0.0034
27.666667 27.708333    0.0790    0.0254    0.0102    0.0033
27.708333 27.750000    0.0676    0.0338    0.0087    0.0044
27.750000 27.791667    0.0943    0.0363    0.0121    0.0047
27.791667 27.833333    0.1094    0.0358    0.0141    0.0046
27.833333 27.875000    0.1025    0.0276    0.0132    0.0036
27.875000 27.916667    0.1405    0.0239    0.0181    0.0031
27.916667 27.958333    0.1157    0.0383    0.0149    0.0049
27.958333 28.000000    0.1417    0.0305    0.0182    0.0039
28.000000 28.041667    0.1594    0.0273    0.0205    0.0035
28.041667 28.083333    0.1614    0.0268    0.0208    0.0035
28.083333 28.125000    0.1717    0.0317    0.0221    0.0041
28.125000 28.166667    0.1850    0.0376    0.0238    0.0048
28.166667 28.208333    0.1787    0.0494    0.0230    0.0064
28.208333 28.250000    0.2132    0.0370    0.0274    0.0048
28.250000 28.291667    0.2141    0.0404    0.0276    0.0052
28.291667 28.333333    0.2277    0.0494    0.0293    0.0064
28.333333 28.375000    0.2588    0.0560    0.0333    0.0072
28.375000 28.416667    0.3496    0.0626    0.0450    0.0081
28.416667 28.458333    0.3915    0.0733    0.0504    0.0094
28.458333 28.500000    0.3573    0.0754    0.0460    0.0097
28.500000 28.541667    0.3747    0.0890    0.0482    0.0115
28.541667 28.583333    0.3949    0.0942    0.0508    0.0121
28.583333 28.625000    0.4006    0.0883    0.0516    0.0114
28.625000 28.666667    0.4010    0.0802    0.0516    0.0103
28.666667 28.708333    0.3902    0.0738    0.0502    0.0095
28.708333 28.750000    0.4044    0.0656    0.0521    0.0084
28.750000 28.791667    0.3792    0.0645    0.0488    0.0083
28.791667 28.833333    0.3442    0.0583    0.0443    0.0075
28.833333 28.875000    0.3522    0.0540    0.0453    0.0070
28.875000 28.916667    0.3337    0.0513    0.0429    0.0066
28.916667 28.958333    0.3173    0.0531    0.0408    0.0068
28.958333 29.000000    0.2873    0.0474    0.0370    0.0061
29.000000 29.041667    0.2738    0.0440    0.0352    0.0057
29.041667 29.083333    0.2606    0.0404    0.0335    0.0052
29.083333 29.125000    0.2243    0.0440    0.0289    0.0057
29.125000 29.166667    0.2115    0.0342    0.0272    0.0044
29.166667 29.208333    0.1838    0.0352    0.0237    0.0045
29.208333 29.250000    0.1838    0.0261    0.0236    0.0034
29.250000 29.291667    0.1735    0.0316    0.0223    0.0041
29.291667 29.333333    0.1712    0.0294    0.0220    0.0038
29.333333 29.375000    0.1659    0.0368    0.0214    0.0047
29.375000 29.416667    0.2196    0.0322    0.0283    0.0041
29.416667 29.458333    0.1959    0.0283    0.0252    0.0036
29.458333 29.500000    0.2168    0.0324    0.0279    0.0042
29.500000 29.541667    0.2071    0.0253    0.0267    0.0033
29.541667 29.583333    0.2027    0.0300    0.0261    0.0039
29.583333 29.625000    0.2131    0.0174    0.0274    0.0022
29.625000 29.666667    0.1901    0.0216    0.0245    0.0028
29.666667 29.708333    0.2215    0.0157    0.0285    0.0020
29.708333 29.750000    0.1836    0.0277    0.0236    0.0036
29.750000 29.791667    0.1757    0.0273    0.0226    0.0035
29.791667 29.833333    0.2222    0.0291    0.0286    0.0037
29.833333 29.875000    0.1952    0.0245    0.0251    0.0032
29.875000 29.916667    0.1694    0.0278    0.0218    0.0036
29.916667 29.958333    0.1561    0.0284    0.0201    0.0036
29.958333 30.000000    0.1897    0.0007    0.0244    0.0001
30.000000 30.041667    0.2112    0.0041    0.0272    0.0005
30.041667 30.083333    0.1667    0.0227    0.0215    0.0029
30.083333 30.125000    0.1141    0.0333    0.0147    0.0043
30.125000 30.166667    0.1143    0.0317    0.0147    0.0041
30.166667 30.208333    0.1290    0.0197    0.0166    0.0025
30.208333 30.250000    0.1020    0.0247    0.0131    0.0032
30.250000 30.291667    0.0911    0.0223    0.0117    0.0029
30.291667 30.333333    0.0823    0.0154    0.0106    0.0020
30.333333 30.375000    0.0887    0.0177    0.0114    0.0023
30.375000 30.416667    0.1072    0.0147    0.0138    0.0019
30.416667 30.458333    0.1088    0.0125    0.0140    0.0016
30.458333 30.500000    0.0690    0.0185    0.0089    0.0024
30.500000 30.541667    0.0943    0.0107    0.0121    0.0014
30.541667 30.583333    0.0510    0.0200    0.0066    0.0026
30.583333 30.625000    0.0299    0.0143    0.0038    0.0018
30.625000 30.666667    0.0511    0.0075    0.0066    0.0010
30.666667 30.708333    0.0669    0.0025    0.0086    0.0003
30.708333 30.750000    0.0308    0.0104    0.0040    0.0013
30.750000 30.791667    0.0353    0.0052    0.0045    0.0007
30.791667 30.833333    0.0347    0.0047    0.0045    0.0006
30.833333 30.875000    0.0195    0.0054    0.0025    0.0007
30.875000 30.916667    0.0170    0.0045    0.0022    0.0006
30.916667 30.958333  999.9999  999.9999  999.9999  999.9999
30.958333 31.000000  999.9999  999.9999  999.9999  999.9999
31.000000 31.041667  999.9999  999.9999  999.9999  999.9999
31.041667 31.083333  999.9999  999.9999  999.9999  999.9999
31.083333 31.125000  999.9999  999.9999  999.9999  999.9999
31.125000 31.166667  999.9999  999.9999  999.9999  999.9999
31.166667 31.208333  999.9999  999.9999  999.9999  999.9999
31.208333 31.250000  999.9999  999.9999  999.9999  999.9999
31.250000 31.291667  999.9999  999.9999  999.9999  999.9999
31.291667 31.333333  999.9999  999.9999  999.9999  999.9999
31.333333 31.375000  999.9999  999.9999  999.9999  999.9999
31.375000 31.416667  999.9999  999.9999  999.9999  999.9999
31.416667 31.458333  999.9999  999.9999  999.9999  999.9999
31.458333 31.500000  999.9999  999.9999  999.9999  999.9999
31.500000 31.541667  999.9999  999.9999  999.9999  999.9999
31.541667 31.583333  999.9999  999.9999  999.9999  999.9999
31.583333 31.625000  999.9999  999.9999  999.9999  999.9999
31.625000 31.666667  999.9999  999.9999  999.9999  999.9999
31.666667 31.708333  999.9999  999.9999  999.9999  999.9999
31.708333 31.750000  999.9999  999.9999  999.9999  999.9999
31.750000 31.791667  999.9999  999.9999  999.9999  999.9999
31.791667 31.833333  999.9999  999.9999  999.9999  999.9999
31.833333 31.875000  999.9999  999.9999  999.9999  999.9999
31.875000 31.916667  999.9999  999.9999  999.9999  999.9999
31.916667 31.958333  999.9999  999.9999  999.9999  999.9999
31.958333 32.000000    0.0584    0.0030    0.0075    0.0004
32.000000 32.041667    0.0579    0.0089    0.0074    0.0011
32.041667 32.083333    0.0906    0.0029    0.0117    0.0004
32.083333 32.125000    0.0860    0.0045    0.0111    0.0006
32.125000 32.166667    0.0827    0.0045    0.0106    0.0006
32.166667 32.208333    0.0817    0.0091    0.0105    0.0012
32.208333 32.250000    0.0857    0.0116    0.0110    0.0015
32.250000 32.291667    0.1013    0.0111    0.0130    0.0014
32.291667 32.333333    0.1396    0.0043    0.0180    0.0006
32.333333 32.375000    0.1629    0.0022    0.0210    0.0003
32.375000 32.416667    0.1589    0.0127    0.0205    0.0016
32.416667 32.458333    0.1589    0.0200    0.0204    0.0026
32.458333 32.500000    0.1751    0.0238    0.0225    0.0031
32.500000 32.541667    0.1479    0.0498    0.0190    0.0064
32.541667 32.583333    0.2124    0.0163    0.0273    0.0021
32.583333 32.625000    0.2502    0.0236    0.0322    0.0030
32.625000 32.666667    0.2785    0.0171    0.0358    0.0022
32.666667 32.708333    0.2787    0.0240    0.0359    0.0031
32.708333 32.750000    0.2880    0.0210    0.0371    0.0027
32.750000 32.791667    0.2784    0.0243    0.0358    0.0031
32.791667 32.833333    0.3172    0.0307    0.0408    0.0039
32.833333 32.875000    0.3450    0.0449    0.0444    0.0058
32.875000 32.916667    0.3745    0.0363    0.0482    0.0047
32.916667 32.958333    0.3524    0.0409    0.0454    0.0053
32.958333 33.000000    0.3380    0.0356    0.0435    0.0046
33.000000 33.041667    0.3424    0.0306    0.0441    0.0039
33.041667 33.083333    0.3634    0.0251    0.0468    0.0032
33.083333 33.125000    0.4086    0.0179    0.0526    0.0023
33.125000 33.166667    0.4564    0.0192    0.0587    0.0025
33.166667 33.208333    0.4938    0.0140    0.0636    0.0018
33.208333 33.250000    0.4851    0.0119    0.0624    0.0015
33.250000 33.291667    0.4857    0.0277    0.0625    0.0036
33.291667 33.333333    0.4779    0.0077    0.0615    0.0010
